0.224 0.041 0.0 0.0 0.0 0.0 +1
0.194 0.167 0.0 0.0 0.0 0.0 +1
0.393 0.111 0.0 0.0 0.0 0.0 +1
0.244 0.292 0.0 0.0 0.0 0.0 +1
0.8 0.0 0.0 0.0 0.0 0.0 +1
0.28 0.071 0.0 0.0 0.0 0.0 +1
0.224 0.309 0.0 0.0 0.0 0.0 +1
0.235 0.297 0.0 0.0 0.0 0.0 +1
0.282 0.275 0.0 0.0 0.0 0.0 +1
0.288 0.114 0.0 0.0 0.0 0.0 +1
0.268 0.125 0.0 0.0 0.0 0.0 +1
0.236 0.354 0.0 0.0 0.0 0.0 +1
0.273 0.364 0.0 0.0 0.0 0.0 +1
0.199 0.112 0.0 0.0 0.0 0.0 +1
0.229 0.394 0.0 0.0 0.0 0.0 +1
0.215 0.31 0.0 0.0 0.0 0.0 +1
0.216 0.0 0.0 0.0 0.0 0.0 +1
0.232 0.0 0.0 0.0 0.0 0.0 +1
0.25 0.084 0.0 0.0 0.0 0.0 +1
0.357 0.253 0.0 0.0 0.0 0.0 +1
0.237 0.197 0.0 0.0 0.0 0.0 +1
0.245 0.267 0.0 0.0 0.0 0.0 +1
0.216 0.139 0.0 0.0 0.0 0.0 +1
0.297 0.0 0.0 0.0 0.0 0.0 +1
0.481 0.167 0.0 0.0 0.0 0.0 +1
0.625 0.333 0.0 0.0 0.0 0.0 +1
0.398 0.3 0.0 0.0 0.0 0.0 +1
0.25 0.333 0.0 0.0 0.0 0.0 +1
0.517 0.4 0.0 0.0 0.0 0.0 +1
0.8 0.314 0.0 0.0 0.0 0.0 +1
0.633 0.312 0.0 0.0 0.0 0.0 +1
0.224 0.233 0.0 0.0 0.0 0.0 +1
0.263 0.246 0.0 0.0 0.0 0.0 +1
0.228 0.237 0.0 0.0 0.0 0.0 +1
0.241 0.111 0.0 0.0 0.0 0.0 +1
0.514 0.167 0.0 0.0 0.0 0.0 +1
0.163 0.284 0.0 0.0 0.0 0.0 +1
0.2 0.4 0.0 0.0 0.0 0.0 +1
0.205 0.134 0.0 0.0 0.0 0.0 +1
0.232 0.203 0.0 0.0 0.0 0.0 +1
0.431 0.154 0.0 0.0 0.0 0.0 +1
0.203 0.0 0.0 0.0 0.0 0.0 +1
0.153 0.116 0.0 0.0 0.0 0.0 +1
0.261 0.267 0.0 0.0 0.0 0.0 +1
0.355 0.467 0.0 0.0 0.0 0.0 +1
0.25 0.0 0.0 0.0 0.0 0.0 +1
0.0 0.25 0.0 0.0 0.0 0.0 +1
0.2 0.153 0.0 0.0 0.0 0.0 +1
0.233 0.217 0.0 0.0 0.0 0.0 +1
0.346 0.235 0.0 0.0 0.0 0.0 +1
0.221 0.475 0.0 0.0 0.0 0.0 +1
0.193 0.125 0.0 0.0 0.0 0.0 +1
0.206 0.272 0.0 0.0 0.0 0.0 +1
0.208 0.0 0.0 0.0 0.0 0.0 +1
0.167 0.467 0.0 0.0 0.0 0.0 +1
0.334 0.162 0.0 0.0 0.0 0.0 +1
0.237 0.161 0.0 0.0 0.0 0.0 +1
0.24 0.404 0.0 0.0 0.0 0.0 +1
0.213 0.467 0.0 0.0 0.0 0.0 +1
0.175 0.354 0.0 0.0 0.0 0.0 +1
0.238 0.277 0.0 0.0 0.0 0.0 +1
0.25 0.242 0.0 0.0 0.0 0.0 +1
0.287 0.205 0.0 0.0 0.0 0.0 +1
0.506 0.417 0.0 0.0 0.0 0.0 +1
0.274 0.119 0.0 0.0 0.0 0.0 +1
0.191 0.299 0.0 0.0 0.0 0.0 +1
0.269 0.0 0.0 0.0 0.0 0.0 +1
0.179 0.155 0.0 0.0 0.0 0.0 +1
0.14 0.216 0.0 0.0 0.0 0.0 +1
0.264 0.366 0.0 0.0 0.0 0.0 +1
0.221 0.163 0.0 0.0 0.0 0.0 +1
0.5 0.0 0.0 0.0 0.0 0.0 +1
0.207 0.25 0.0 0.0 0.0 0.0 +1
0.158 0.0 0.0 0.0 0.0 0.0 +1
0.318 0.444 0.0 0.0 0.0 0.0 +1
0.209 0.0 0.0 0.0 0.0 0.0 +1
0.39 0.159 0.0 0.0 0.0 0.0 +1
0.214 0.204 0.0 0.0 0.0 0.0 +1
0.241 0.303 0.0 0.0 0.0 0.0 +1
0.167 0.198 0.0 0.0 0.0 0.0 +1
0.25 0.4 0.0 0.0 0.0 0.0 +1
0.216 0.475 0.0 0.0 0.0 0.0 +1
0.228 0.246 0.0 0.0 0.0 0.0 +1
0.328 0.235 0.0 0.0 0.0 0.0 +1
0.25 0.265 0.0 0.0 0.0 0.0 +1
0.225 0.0 0.0 0.0 0.0 0.0 +1
0.219 0.404 0.0 0.0 0.0 0.0 +1
0.299 0.389 0.0 0.0 0.0 0.0 +1
0.284 0.0 0.0 0.0 0.0 0.0 +1
0.248 0.35 0.0 0.0 0.0 0.0 +1
0.209 0.0 0.0 0.0 0.0 0.0 +1
0.214 0.116 0.0 0.0 0.0 0.0 +1
0.167 0.159 0.0 0.0 0.0 0.0 +1
0.212 0.333 0.0 0.0 0.0 0.0 +1
0.323 0.26 0.0 0.0 0.0 0.0 +1
0.156 0.294 0.0 0.0 0.0 0.0 +1
0.288 0.162 0.0 0.0 0.0 0.0 +1
0.228 0.246 0.0 0.0 0.0 0.0 +1
0.202 0.111 0.0 0.0 0.0 0.0 +1
0.236 0.128 0.0 0.0 0.0 0.0 +1
0.268 0.283 0.0 0.0 0.0 0.0 +1
0.0 0.0 0.0 0.0 0.0 0.0 +1
0.229 0.243 0.0 0.0 0.0 0.0 +1
0.167 0.292 0.0 0.0 0.0 0.0 +1
0.247 0.211 0.0 0.0 0.0 0.0 +1
0.29 0.111 0.0 0.0 0.0 0.0 +1
0.1 0.0 0.0 0.0 0.0 0.0 +1
0.762 0.0 0.0 0.0 0.0 0.0 +1
0.167 0.167 0.0 0.0 0.0 0.0 +1
0.247 0.317 0.0 0.0 0.0 0.0 +1
0.25 0.0 0.0 0.0 0.0 0.0 +1
0.25 0.159 0.0 0.0 0.0 0.0 +1
0.448 0.142 0.0 0.0 0.0 0.0 +1
0.303 0.373 0.0 0.0 0.0 0.0 +1
0.22 0.143 0.0 0.0 0.0 0.0 +1
0.183 0.5 0.0 0.0 0.0 0.0 +1
0.199 0.215 0.0 0.0 0.0 0.0 +1
0.442 0.362 0.0 0.0 0.0 0.0 +1
0.196 0.31 0.0 0.0 0.0 0.0 +1
0.25 0.036 0.0 0.0 0.0 0.0 +1
0.214 0.369 0.0 0.0 0.0 0.0 +1
0.185 0.181 0.0 0.0 0.0 0.0 +1
0.199 0.417 0.0 0.0 0.0 0.0 +1
0.202 0.175 0.0 0.0 0.0 0.0 +1
0.214 0.111 0.0 0.0 0.0 0.0 +1
0.26 0.421 0.0 0.0 0.0 0.0 +1
0.211 0.392 0.0 0.0 0.0 0.0 +1
0.226 0.36 0.0 0.0 0.0 0.0 +1
0.226 0.116 0.0 0.0 0.0 0.0 +1
0.244 0.0 0.0 0.0 0.0 0.0 +1
0.209 0.267 0.0 0.0 0.0 0.0 +1
0.483 0.246 0.0 0.0 0.0 0.0 +1
0.179 0.45 0.0 0.0 0.0 0.0 +1
0.252 0.0 0.0 0.0 0.0 0.0 +1
0.0 0.0 0.0 0.0 0.0 0.0 +1
0.3 0.06 0.0 0.0 0.0 0.0 +1
0.186 0.115 0.0 0.0 0.0 0.0 +1
0.204 0.3 0.0 0.0 0.0 0.0 +1
0.159 0.08 0.0 0.0 0.0 0.0 +1
0.235 0.385 0.0 0.0 0.0 0.0 +1
0.189 0.2 0.0 0.0 0.0 0.0 +1
0.512 0.383 0.0 0.0 0.0 0.0 +1
0.25 0.29 0.0 0.0 0.0 0.0 +1
0.229 0.108 0.0 0.0 0.0 0.0 +1
0.497 0.239 0.0 0.0 0.0 0.0 +1
0.307 0.267 0.0 0.0 0.0 0.0 +1
0.233 0.195 0.0 0.0 0.0 0.0 +1
0.455 0.167 0.0 0.0 0.0 0.0 +1
0.261 0.323 0.0 0.0 0.0 0.0 +1
0.25 0.111 0.0 0.0 0.0 0.0 +1
0.209 0.3 0.0 0.0 0.0 0.0 +1
0.25 0.071 0.0 0.0 0.0 0.0 +1
0.422 0.36 0.0 0.0 0.0 0.0 +1
0.158 0.25 0.0 0.0 0.0 0.0 +1
0.232 0.0 0.0 0.0 0.0 0.0 +1
0.221 0.282 0.0 0.0 0.0 0.0 +1
0.494 0.111 0.0 0.0 0.0 0.0 +1
0.234 0.206 0.0 0.0 0.0 0.0 +1
0.218 0.344 0.0 0.0 0.0 0.0 +1
0.24 0.229 0.0 0.0 0.0 0.0 +1
0.161 0.322 0.0 0.0 0.0 0.0 +1
0.254 0.219 0.0 0.0 0.0 0.0 +1
0.321 0.296 0.0 0.0 0.0 0.0 +1
0.269 0.327 0.0 0.0 0.0 0.0 +1
0.249 0.042 0.0 0.0 0.0 0.0 +1
0.304 0.196 0.0 0.0 0.0 0.0 +1
0.233 0.0 0.0 0.0 0.0 0.0 +1
0.229 0.159 0.0 0.0 0.0 0.0 +1
0.372 0.071 0.0 0.0 0.0 0.0 +1
0.387 0.239 0.0 0.0 0.0 0.0 +1
0.204 0.155 0.0 0.0 0.0 0.0 +1
0.213 0.329 0.0 0.0 0.0 0.0 +1
0.22 0.0 0.0 0.0 0.0 0.0 +1
0.453 0.5 0.0 0.0 0.0 0.0 +1
0.355 0.374 0.0 0.0 0.0 0.0 +1
0.25 0.167 0.0 0.0 0.0 0.0 +1
0.286 0.0 0.0 0.0 0.0 0.0 +1
0.437 0.438 0.0 0.0 0.0 0.0 +1
0.667 0.4 0.0 0.0 0.0 0.0 +1
0.508 0.0 0.0 0.0 0.0 0.0 +1
0.241 0.111 0.0 0.0 0.0 0.0 +1
0.207 0.0 0.0 0.0 0.0 0.0 +1
0.266 0.257 0.0 0.0 0.0 0.0 +1
0.243 0.361 0.0 0.0 0.0 0.0 +1
0.25 0.5 0.0 0.0 0.0 0.0 +1
0.533 0.167 0.0 0.0 0.0 0.0 +1
0.217 0.244 0.0 0.0 0.0 0.0 +1
0.229 0.0 0.0 0.0 0.0 0.0 +1
0.248 0.195 0.0 0.0 0.0 0.0 +1
0.0 0.0 0.0 0.0 0.0 0.0 +1
0.202 0.406 0.0 0.0 0.0 0.0 +1
0.263 0.267 0.0 0.0 0.0 0.0 +1
0.206 0.302 0.0 0.0 0.0 0.0 +1
0.229 0.467 0.0 0.0 0.0 0.0 +1
0.251 0.134 0.0 0.0 0.0 0.0 +1
0.25 0.267 0.0 0.0 0.0 0.0 +1
0.219 0.0 0.0 0.0 0.0 0.0 +1
0.537 0.5 0.0 0.0 0.0 0.0 +1
0.384 0.0 0.0 0.0 0.0 0.0 +1
0.186 0.322 0.0 0.0 0.0 0.0 +1
0.248 0.173 0.0 0.0 0.0 0.0 +1
0.311 0.0 0.0 0.0 0.0 0.0 +1
0.355 0.294 0.0 0.0 0.0 0.0 +1
0.182 0.0 0.0 0.0 0.0 0.0 +1
0.246 0.274 0.0 0.0 0.0 0.0 +1
0.229 0.0 0.0 0.0 0.0 0.0 +1
0.188 0.0 0.0 0.0 0.0 0.0 +1
0.29 0.378 0.0 0.0 0.0 0.0 +1
0.264 0.28 0.0 0.0 0.0 0.0 +1
0.633 0.221 0.0 0.0 0.0 0.0 +1
0.346 0.133 0.0 0.0 0.0 0.0 +1
0.228 0.23 0.0 0.0 0.0 0.0 +1
0.273 0.1 0.0 0.0 0.0 0.0 +1
0.202 0.111 0.0 0.0 0.0 0.0 +1
0.191 0.282 0.0 0.0 0.0 0.0 +1
0.216 0.225 0.0 0.0 0.0 0.0 +1
0.327 0.308 0.0 0.0 0.0 0.0 +1
0.27 0.032 0.0 0.0 0.0 0.0 +1
0.25 0.346 0.0 0.0 0.0 0.0 +1
0.0 0.0 0.0 0.0 0.0 0.0 +1
0.237 0.448 0.0 0.0 0.0 0.0 +1
0.25 0.286 0.0 0.0 0.0 0.0 +1
0.25 0.111 0.0 0.0 0.0 0.0 +1
0.377 0.333 0.0 0.0 0.0 0.0 +1
0.398 0.19 0.0 0.0 0.0 0.0 +1
0.074 0.199 0.0 0.0 0.0 0.0 +1
0.257 0.036 0.0 0.0 0.0 0.0 +1
0.277 0.173 0.0 0.0 0.0 0.0 +1
0.195 0.257 0.0 0.0 0.0 0.0 +1
0.25 0.083 0.0 0.0 0.0 0.0 +1
0.233 0.58 0.0 0.0 0.0 0.0 +1
0.222 0.306 0.0 0.0 0.0 0.0 +1
0.348 0.048 0.0 0.0 0.0 0.0 +1
0.287 0.167 0.0 0.0 0.0 0.0 +1
0.257 0.41 0.0 0.0 0.0 0.0 +1
0.24 0.0 0.0 0.0 0.0 0.0 +1
0.202 0.0 0.0 0.0 0.0 0.0 +1
0.279 0.5 0.0 0.0 0.0 0.0 +1
0.179 0.24 0.0 0.0 0.0 0.0 +1
0.339 0.267 0.0 0.0 0.0 0.0 +1
0.259 0.111 0.0 0.0 0.0 0.0 +1
0.223 0.133 0.0 0.0 0.0 0.0 +1
0.412 0.057 0.0 0.0 0.0 0.0 +1
0.258 0.119 0.0 0.0 0.0 0.0 +1
0.289 0.057 0.0 0.0 0.0 0.0 +1
0.163 0.095 0.0 0.0 0.0 0.0 +1
0.0 0.0 0.0 0.0 0.0 0.0 +1
0.307 0.278 0.0 0.0 0.0 0.0 +1
0.222 0.35 0.0 0.0 0.0 0.0 +1
0.223 0.201 0.0 0.0 0.0 0.0 +1
0.215 0.322 0.0 0.0 0.0 0.0 +1
0.222 0.167 0.0 0.0 0.0 0.0 +1
0.237 0.292 0.0 0.0 0.0 0.0 +1
0.211 0.4 0.0 0.0 0.0 0.0 +1
0.295 0.158 0.0 0.0 0.0 0.0 +1
0.199 0.278 0.0 0.0 0.0 0.0 +1
0.276 0.393 0.0 0.0 0.0 0.0 +1
0.205 0.243 0.0 0.0 0.0 0.0 +1
0.314 0.2 0.0 0.0 0.0 0.0 +1
0.23 0.111 0.0 0.0 0.0 0.0 +1
0.431 0.317 0.0 0.0 0.0 0.0 +1
0.305 0.238 0.0 0.0 0.0 0.0 +1
0.167 0.111 0.0 0.0 0.0 0.0 +1
0.404 0.5 0.0 0.0 0.0 0.0 +1
0.187 0.244 0.0 0.0 0.0 0.0 +1
0.322 0.229 0.0 0.0 0.0 0.0 +1
0.239 0.339 0.0 0.0 0.0 0.0 +1
0.275 0.071 0.0 0.0 0.0 0.0 +1
0.162 0.15 0.0 0.0 0.0 0.0 +1
0.178 0.247 0.0 0.0 0.0 0.0 +1
0.181 0.141 0.0 0.0 0.0 0.0 +1
0.25 0.083 0.0 0.0 0.0 0.0 +1
0.283 0.242 0.0 0.0 0.0 0.0 +1
0.34 0.211 0.0 0.0 0.0 0.0 +1
0.25 0.111 0.0 0.0 0.0 0.0 +1
0.214 0.217 0.0 0.0 0.0 0.0 +1
0.279 0.406 0.0 0.0 0.0 0.0 +1
0.214 0.057 0.0 0.0 0.0 0.0 +1
0.291 0.0 0.0 0.0 0.0 0.0 +1
0.377 0.5 0.0 0.0 0.0 0.0 +1
0.251 0.287 0.0 0.0 0.0 0.0 +1
0.215 0.0 0.0 0.0 0.0 0.0 +1
0.346 0.061 0.0 0.0 0.0 0.0 +1
0.262 0.163 0.0 0.0 0.0 0.0 +1
0.433 0.25 0.0 0.0 0.0 0.0 +1
0.288 0.336 0.0 0.0 0.0 0.0 +1
0.238 0.588 0.0 0.0 0.0 0.0 +1
0.29 0.0 0.0 0.0 0.0 0.0 +1
0.233 0.257 0.0 0.0 0.0 0.0 +1
0.414 0.372 0.0 0.0 0.0 0.0 +1
0.625 0.267 0.0 0.0 0.0 0.0 +1
0.385 0.333 0.0 0.0 0.0 0.0 +1
0.247 0.254 0.0 0.0 0.0 0.0 +1
0.267 0.0 0.0 0.0 0.0 0.0 +1
0.0 0.322 0.0 0.0 0.0 0.0 +1
0.149 0.312 0.0 0.0 0.0 0.0 +1
0.215 0.095 0.0 0.0 0.0 0.0 +1
0.337 0.0 0.0 0.0 0.0 0.0 +1
0.437 0.467 0.0 0.0 0.0 0.0 +1
0.38 0.333 0.0 0.0 0.0 0.0 +1
0.217 0.1 0.0 0.0 0.0 0.0 +1
0.25 0.118 0.0 0.0 0.0 0.0 +1
0.48 0.111 0.0 0.0 0.0 0.0 +1
0.247 0.0 0.0 0.0 0.0 0.0 +1
0.229 0.389 0.0 0.0 0.0 0.0 +1
0.336 0.354 0.0 0.0 0.0 0.0 +1
0.204 0.212 0.0 0.0 0.0 0.0 +1
0.443 0.5 0.0 0.0 0.0 0.0 +1
0.417 0.111 0.0 0.0 0.0 0.0 +1
0.174 0.277 0.0 0.0 0.0 0.0 +1
0.333 0.041 0.0 0.0 0.0 0.0 +1
0.314 0.119 0.0 0.0 0.0 0.0 +1
0.339 0.167 0.0 0.0 0.0 0.0 +1
0.378 0.4 0.0 0.0 0.0 0.0 +1
0.291 0.326 0.0 0.0 0.0 0.0 +1
0.251 0.467 0.0 0.0 0.0 0.0 +1
0.787 0.312 0.0 0.0 0.0 0.0 +1
0.256 0.56 0.0 0.0 0.0 0.0 +1
0.221 0.095 0.0 0.0 0.0 0.0 +1
0.196 0.115 0.0 0.0 0.0 0.0 +1
0.404 0.193 0.0 0.0 0.0 0.0 +1
0.145 0.351 0.0 0.0 0.0 0.0 +1
0.25 0.254 0.0 0.0 0.0 0.0 +1
0.246 0.119 0.0 0.0 0.0 0.0 +1
0.237 0.071 0.0 0.0 0.0 0.0 +1
0.235 0.437 0.0 0.0 0.0 0.0 +1
0.304 0.162 0.0 0.0 0.0 0.0 +1
0.302 0.476 0.0 0.0 0.0 0.0 +1
0.228 0.268 0.0 0.0 0.0 0.0 +1
0.183 0.372 0.0 0.0 0.0 0.0 +1
0.337 0.238 0.0 0.0 0.0 0.0 +1
0.2 0.173 0.0 0.0 0.0 0.0 +1
0.282 0.26 0.0 0.0 0.0 0.0 +1
0.236 0.189 0.0 0.0 0.0 0.0 +1
0.336 0.257 0.0 0.0 0.0 0.0 +1
0.414 0.062 0.0 0.0 0.0 0.0 +1
0.384 0.056 0.0 0.0 0.0 0.0 +1
0.228 0.424 0.0 0.0 0.0 0.0 +1
0.26 0.378 0.0 0.0 0.0 0.0 +1
0.306 0.333 0.0 0.0 0.0 0.0 +1
0.193 0.35 0.0 0.0 0.0 0.0 +1
0.095 0.0 0.0 0.0 0.0 0.0 +1
0.2 0.239 0.0 0.0 0.0 0.0 +1
0.25 0.217 0.0 0.0 0.0 0.0 +1
0.153 0.276 0.0 0.0 0.0 0.0 +1
0.198 0.083 0.0 0.0 0.0 0.0 +1
0.319 0.143 0.0 0.0 0.0 0.0 +1
0.229 0.339 0.0 0.0 0.0 0.0 +1
0.232 0.285 0.0 0.0 0.0 0.0 +1
0.125 0.207 0.0 0.0 0.0 0.0 +1
0.25 0.242 0.0 0.0 0.0 0.0 +1
0.463 0.273 0.0 0.0 0.0 0.0 +1
0.225 0.307 0.0 0.0 0.0 0.0 +1
0.211 0.417 0.0 0.0 0.0 0.0 +1
0.375 0.246 0.0 0.0 0.0 0.0 +1
0.209 0.222 0.0 0.0 0.0 0.0 +1
0.209 0.322 0.0 0.0 0.0 0.0 +1
0.19 0.292 0.0 0.0 0.0 0.0 +1
0.292 0.256 0.0 0.0 0.0 0.0 +1
0.256 0.3 0.0 0.0 0.0 0.0 +1
0.245 0.375 0.0 0.0 0.0 0.0 +1
0.198 0.167 0.0 0.0 0.0 0.0 +1
0.362 0.253 0.0 0.0 0.0 0.0 +1
0.762 0.0 0.0 0.0 0.0 0.0 +1
0.633 0.421 0.0 0.0 0.0 0.0 +1
0.36 0.362 0.0 0.0 0.0 0.0 +1
0.21 0.286 0.0 0.0 0.0 0.0 +1
0.25 0.0 0.0 0.0 0.0 0.0 +1
0.233 0.344 0.0 0.0 0.0 0.0 +1
0.227 0.258 0.0 0.0 0.0 0.0 +1
0.218 0.126 0.0 0.0 0.0 0.0 +1
0.225 0.255 0.0 0.0 0.0 0.0 +1
0.344 0.374 0.0 0.0 0.0 0.0 +1
0.268 0.222 0.0 0.0 0.0 0.0 +1
0.21 0.401 0.0 0.0 0.0 0.0 +1
0.259 0.467 0.0 0.0 0.0 0.0 +1
0.274 0.0 0.0 0.0 0.0 0.0 +1
0.246 0.0 0.0 0.0 0.0 0.0 +1
0.325 0.26 0.0 0.0 0.0 0.0 +1
0.267 0.153 0.0 0.0 0.0 0.0 +1
0.243 0.286 0.0 0.0 0.0 0.0 +1
0.275 0.413 0.0 0.0 0.0 0.0 +1
0.206 0.0 0.0 0.0 0.0 0.0 +1
0.218 0.0 0.0 0.0 0.0 0.0 +1
0.197 0.185 0.0 0.0 0.0 0.0 +1
0.272 0.41 0.0 0.0 0.0 0.0 +1
0.25 0.111 0.0 0.0 0.0 0.0 +1
0.156 0.417 0.0 0.0 0.0 0.0 +1
0.495 0.0 0.0 0.0 0.0 0.0 +1
0.233 0.35 0.0 0.0 0.0 0.0 +1
0.428 0.125 0.0 0.0 0.0 0.0 +1
0.248 0.265 0.0 0.0 0.0 0.0 +1
0.0 0.0 0.0 0.0 0.0 0.0 +1
0.179 0.148 0.0 0.0 0.0 0.0 +1
0.228 0.057 0.0 0.0 0.0 0.0 +1
0.238 0.228 0.0 0.0 0.0 0.0 +1
0.208 0.111 0.0 0.0 0.0 0.0 +1
0.25 0.14 0.0 0.0 0.0 0.0 +1
0.25 0.0 0.0 0.0 0.0 0.0 +1
0.238 0.217 0.0 0.0 0.0 0.0 +1
0.202 0.254 0.0 0.0 0.0 0.0 +1
0.171 0.363 0.0 0.0 0.0 0.0 +1
0.224 0.208 0.0 0.0 0.0 0.0 +1
0.278 0.333 0.0 0.0 0.0 0.0 +1
0.32 0.09 0.0 0.0 0.0 0.0 +1
0.247 0.283 0.0 0.0 0.0 0.0 +1
0.212 0.4 0.0 0.0 0.0 0.0 +1
0.302 0.305 0.0 0.0 0.0 0.0 +1
0.25 0.175 0.0 0.0 0.0 0.0 +1
0.25 0.25 0.0 0.0 0.0 0.0 +1
0.279 0.236 0.0 0.0 0.0 0.0 +1
0.35 0.367 0.0 0.0 0.0 0.0 +1
0.234 0.227 0.0 0.0 0.0 0.0 +1
0.155 0.333 0.0 0.0 0.0 0.0 +1
0.168 0.304 0.0 0.0 0.0 0.0 +1
0.21 0.367 0.0 0.0 0.0 0.0 +1
0.223 0.225 0.0 0.0 0.0 0.0 +1
0.228 0.367 0.0 0.0 0.0 0.0 +1
0.25 0.312 0.0 0.0 0.0 0.0 +1
0.53 0.202 0.0 0.0 0.0 0.0 +1
0.177 0.5 0.0 0.0 0.0 0.0 +1
0.208 0.111 0.0 0.0 0.0 0.0 +1
0.206 0.321 0.0 0.0 0.0 0.0 +1
0.0 0.0 0.0 0.0 0.0 0.0 +1
0.254 0.097 0.0 0.0 0.0 0.0 +1
0.291 0.0 0.0 0.0 0.0 0.0 +1
0.211 0.094 0.0 0.0 0.0 0.0 +1
0.222 0.0 0.0 0.0 0.0 0.0 +1
0.233 0.232 0.0 0.0 0.0 0.0 +1
0.34 0.241 0.0 0.0 0.0 0.0 +1
0.254 0.317 0.0 0.0 0.0 0.0 +1
0.25 0.084 0.0 0.0 0.0 0.0 +1
0.28 0.129 0.0 0.0 0.0 0.0 +1
0.212 0.095 0.0 0.0 0.0 0.0 +1
0.264 0.217 0.0 0.0 0.0 0.0 +1
0.8 0.0 0.0 0.0 0.0 0.0 +1
0.288 0.289 0.0 0.0 0.0 0.0 +1
0.304 0.34 0.0 0.0 0.0 0.0 +1
0.191 0.0 0.0 0.0 0.0 0.0 +1
0.289 0.348 0.0 0.0 0.0 0.0 +1
0.224 0.152 0.0 0.0 0.0 0.0 +1
0.35 0.111 0.0 0.0 0.0 0.0 +1
0.0 0.0 0.0 0.0 0.0 0.0 +1
0.342 0.385 0.0 0.0 0.0 0.0 +1
0.224 0.167 0.0 0.0 0.0 0.0 +1
0.333 0.0 0.0 0.0 0.0 0.0 +1
0.206 0.084 0.0 0.0 0.0 0.0 +1
0.297 0.119 0.0 0.0 0.0 0.0 +1
0.167 0.271 0.0 0.0 0.0 0.0 +1
0.273 0.218 0.0 0.0 0.0 0.0 +1
0.25 0.057 0.0 0.0 0.0 0.0 +1
0.221 0.4 0.0 0.0 0.0 0.0 +1
0.225 0.187 0.0 0.0 0.0 0.0 +1
0.189 0.111 0.0 0.0 0.0 0.0 +1
0.229 0.048 0.0 0.0 0.0 0.0 +1
0.258 0.35 0.0 0.0 0.0 0.0 +1
0.19 0.0 0.0 0.0 0.0 0.0 +1
0.324 0.2 0.0 0.0 0.0 0.0 +1
0.507 0.36 0.0 0.0 0.0 0.0 +1
0.232 0.0 0.0 0.0 0.0 0.0 +1
0.266 0.31 0.0 0.0 0.0 0.0 +1
0.0 0.0 0.0 0.0 0.0 0.0 +1
0.311 0.146 0.0 0.0 0.0 0.0 +1
0.224 0.222 0.0 0.0 0.0 0.0 +1
0.283 0.0 0.0 0.0 0.0 0.0 +1
0.257 0.186 0.0 0.0 0.0 0.0 +1
0.17 0.2 0.0 0.0 0.0 0.0 +1
0.203 0.111 0.0 0.0 0.0 0.0 +1
0.363 0.4 0.0 0.0 0.0 0.0 +1
0.232 0.179 0.0 0.0 0.0 0.0 +1
0.526 0.246 0.0 0.0 0.0 0.0 +1
0.315 0.188 0.0 0.0 0.0 0.0 +1
0.229 0.22 0.0 0.0 0.0 0.0 +1
0.463 0.181 0.0 0.0 0.0 0.0 +1
0.24 0.229 0.0 0.0 0.0 0.0 +1
0.212 0.389 0.0 0.0 0.0 0.0 +1
0.25 0.316 0.0 0.0 0.0 0.0 +1
0.195 0.195 0.0 0.0 0.0 0.0 +1
0.286 0.202 0.0 0.0 0.0 0.0 +1
0.189 0.084 0.0 0.0 0.0 0.0 +1
0.25 0.0 0.0 0.0 0.0 0.0 +1
0.203 0.0 0.0 0.0 0.0 0.0 +1
0.24 0.23 0.0 0.0 0.0 0.0 +1
0.126 0.25 0.0 0.0 0.0 0.0 +1
0.326 0.371 0.0 0.0 0.0 0.0 +1
0.137 0.196 0.0 0.0 0.0 0.0 +1
0.213 0.0 0.0 0.0 0.0 0.0 +1
0.195 0.333 0.0 0.0 0.0 0.0 +1
0.202 0.189 0.0 0.0 0.0 0.0 +1
0.295 0.307 0.0 0.0 0.0 0.0 +1
0.272 0.08 0.0 0.0 0.0 0.0 +1
0.213 0.0 0.0 0.0 0.0 0.0 +1
0.391 0.427 0.0 0.0 0.0 0.0 +1
0.223 0.071 0.0 0.0 0.0 0.0 +1
0.236 0.238 0.0 0.0 0.0 0.0 +1
0.398 0.333 0.0 0.0 0.0 0.0 +1
0.239 0.0 0.0 0.0 0.0 0.0 +1
0.283 0.161 0.0 0.0 0.0 0.0 +1
0.316 0.151 0.0 0.0 0.0 0.0 +1
0.288 0.224 0.0 0.0 0.0 0.0 +1
0.268 0.095 0.0 0.0 0.0 0.0 +1
0.321 0.208 0.0 0.0 0.0 0.0 +1
0.448 0.111 0.0 0.0 0.0 0.0 +1
0.353 0.384 0.0 0.0 0.0 0.0 +1
0.25 0.25 0.0 0.0 0.0 0.0 +1
0.373 0.287 0.0 0.0 0.0 0.0 +1
0.227 0.0 0.0 0.0 0.0 0.0 +1
0.186 0.111 0.0 0.0 0.0 0.0 +1
0.213 0.0 0.0 0.0 0.0 0.0 +1
0.203 0.404 0.0 0.0 0.0 0.0 +1
0.261 0.0 0.0 0.0 0.0 0.0 +1
0.21 0.275 0.0 0.0 0.0 0.0 +1
0.214 0.236 0.0 0.0 0.0 0.0 +1
0.25 0.262 0.0 0.0 0.0 0.0 +1
0.177 0.281 0.0 0.0 0.0 0.0 +1
0.283 0.125 0.0 0.0 0.0 0.0 +1
0.205 0.264 0.0 0.0 0.0 0.0 +1
0.192 0.4 0.0 0.0 0.0 0.0 +1
0.207 0.125 0.0 0.0 0.0 0.0 +1
0.465 0.212 0.0 0.0 0.0 0.0 +1
0.525 0.0 0.0 0.0 0.0 0.0 +1
0.218 0.222 0.0 0.0 0.0 0.0 +1
0.372 0.333 0.0 0.0 0.0 0.0 +1
0.234 0.437 0.0 0.0 0.0 0.0 +1
0.182 0.2 0.0 0.0 0.0 0.0 +1
0.189 0.254 0.0 0.0 0.0 0.0 +1
0.286 0.083 0.0 0.0 0.0 0.0 +1
0.291 0.34 0.0 0.0 0.0 0.0 +1
0.203 0.176 0.0 0.0 0.0 0.0 +1
0.295 0.426 0.0 0.0 0.0 0.0 +1
0.243 0.219 0.0 0.0 0.0 0.0 +1
0.75 0.0 0.0 0.0 0.0 0.0 +1
0.224 0.111 0.0 0.0 0.0 0.0 +1
0.218 0.253 0.0 0.0 0.0 0.0 +1
0.245 0.136 0.0 0.0 0.0 0.0 +1
0.48 0.222 0.0 0.0 0.0 0.0 +1
0.248 0.115 0.0 0.0 0.0 0.0 +1
0.268 0.0 0.0 0.0 0.0 0.0 +1
0.486 0.083 0.0 0.0 0.0 0.0 +1
0.214 0.202 0.0 0.0 0.0 0.0 +1
0.379 0.2 0.0 0.0 0.0 0.0 +1
0.252 0.364 0.0 0.0 0.0 0.0 +1
0.25 0.0 0.0 0.0 0.0 0.0 +1
0.365 0.191 0.0 0.0 0.0 0.0 +1
0.351 0.0 0.0 0.0 0.0 0.0 +1
0.354 0.188 0.0 0.0 0.0 0.0 +1
0.186 0.322 0.0 0.0 0.0 0.0 +1
0.193 0.208 0.0 0.0 0.0 0.0 +1
0.233 0.0 0.0 0.0 0.0 0.0 +1
0.214 0.0 0.0 0.0 0.0 0.0 +1
0.328 0.276 0.0 0.0 0.0 0.0 +1
0.232 0.375 0.0 0.0 0.0 0.0 +1
0.298 0.278 0.0 0.0 0.0 0.0 +1
0.233 0.0 0.0 0.0 0.0 0.0 +1
0.216 0.351 0.0 0.0 0.0 0.0 +1
0.243 0.244 0.0 0.0 0.0 0.0 +1
0.336 0.319 0.0 0.0 0.0 0.0 +1
0.234 0.184 0.0 0.0 0.0 0.0 +1
0.21 0.111 0.0 0.0 0.0 0.0 +1
0.251 0.295 0.0 0.0 0.0 0.0 +1
0.234 0.342 0.0 0.0 0.0 0.0 +1
0.298 0.167 0.0 0.0 0.0 0.0 +1
0.662 0.0 0.0 0.0 0.0 0.0 +1
0.269 0.268 0.0 0.0 0.0 0.0 +1
0.26 0.283 0.0 0.0 0.0 0.0 +1
0.275 0.364 0.0 0.0 0.0 0.0 +1
0.216 0.292 0.0 0.0 0.0 0.0 +1
0.224 0.322 0.0 0.0 0.0 0.0 +1
0.218 0.151 0.0 0.0 0.0 0.0 +1
0.25 0.0 0.0 0.0 0.0 0.0 +1
0.317 0.167 0.0 0.0 0.0 0.0 +1
0.419 0.33 0.0 0.0 0.0 0.0 +1
0.208 0.144 0.0 0.0 0.0 0.0 +1
0.223 0.467 0.0 0.0 0.0 0.0 +1
0.295 0.333 0.0 0.0 0.0 0.0 +1
0.212 0.0 0.0 0.0 0.0 0.0 +1
0.378 0.221 0.0 0.0 0.0 0.0 +1
0.254 0.333 0.0 0.0 0.0 0.0 +1
0.2 0.214 0.0 0.0 0.0 0.0 +1
0.212 0.281 0.0 0.0 0.0 0.0 +1
0.242 0.243 0.0 0.0 0.0 0.0 +1
0.418 0.267 0.0 0.0 0.0 0.0 +1
0.233 0.312 0.0 0.0 0.0 0.0 +1
0.206 0.09 0.0 0.0 0.0 0.0 +1
0.206 0.0 0.0 0.0 0.0 0.0 +1
0.223 0.0 0.0 0.0 0.0 0.0 +1
0.236 0.281 0.0 0.0 0.0 0.0 +1
0.762 0.0 0.0 0.0 0.0 0.0 +1
0.558 0.0 0.0 0.0 0.0 0.0 +1
0.398 0.36 0.0 0.0 0.0 0.0 +1
0.325 0.242 0.0 0.0 0.0 0.0 +1
0.38 0.389 0.0 0.0 0.0 0.0 +1
0.245 0.4 0.0 0.0 0.0 0.0 +1
0.258 0.068 0.0 0.0 0.0 0.0 +1
0.199 0.154 0.0 0.0 0.0 0.0 +1
0.194 0.125 0.0 0.0 0.0 0.0 +1
0.222 0.34 0.0 0.0 0.0 0.0 +1
0.221 0.282 0.0 0.0 0.0 0.0 +1
0.212 0.0 0.0 0.0 0.0 0.0 +1
0.437 0.184 0.0 0.0 0.0 0.0 +1
0.25 0.0 0.0 0.0 0.0 0.0 +1
0.178 0.071 0.0 0.0 0.0 0.0 +1
0.287 0.116 0.0 0.0 0.0 0.0 +1
0.272 0.249 0.0 0.0 0.0 0.0 +1
0.189 0.225 0.0 0.0 0.0 0.0 +1
0.279 0.057 0.0 0.0 0.0 0.0 +1
0.125 0.295 0.0 0.0 0.0 0.0 +1
0.257 0.161 0.0 0.0 0.0 0.0 +1
0.24 0.162 0.0 0.0 0.0 0.0 +1
0.238 0.264 0.0 0.0 0.0 0.0 +1
0.539 0.292 0.0 0.0 0.0 0.0 +1
0.199 0.303 0.0 0.0 0.0 0.0 +1
0.284 0.222 0.0 0.0 0.0 0.0 +1
0.209 0.335 0.0 0.0 0.0 0.0 +1
0.306 0.396 0.0 0.0 0.0 0.0 +1
0.32 0.197 0.0 0.0 0.0 0.0 +1
0.245 0.118 0.0 0.0 0.0 0.0 +1
0.227 0.256 0.0 0.0 0.0 0.0 +1
0.213 0.111 0.0 0.0 0.0 0.0 +1
0.34 0.0 0.0 0.0 0.0 0.0 +1
0.216 0.2 0.0 0.0 0.0 0.0 +1
0.264 0.22 0.0 0.0 0.0 0.0 +1
0.212 0.25 0.0 0.0 0.0 0.0 +1
0.237 0.317 0.0 0.0 0.0 0.0 +1
0.212 0.317 0.0 0.0 0.0 0.0 +1
0.19 0.5 0.0 0.0 0.0 0.0 +1
0.39 0.333 0.0 0.0 0.0 0.0 +1
0.237 0.275 0.0 0.0 0.0 0.0 +1
0.244 0.267 0.0 0.0 0.0 0.0 +1
0.221 0.093 0.0 0.0 0.0 0.0 +1
0.197 0.258 0.0 0.0 0.0 0.0 +1
0.255 0.456 0.0 0.0 0.0 0.0 +1
0.23 0.444 0.0 0.0 0.0 0.0 +1
0.19 0.143 0.0 0.0 0.0 0.0 +1
0.0 0.0 0.0 0.0 0.0 0.0 +1
0.26 0.211 0.0 0.0 0.0 0.0 +1
0.317 0.189 0.0 0.0 0.0 0.0 +1
0.328 0.095 0.0 0.0 0.0 0.0 +1
0.312 0.057 0.0 0.0 0.0 0.0 +1
0.214 0.0 0.0 0.0 0.0 0.0 +1
0.396 0.267 0.0 0.0 0.0 0.0 +1
0.317 0.4 0.0 0.0 0.0 0.0 +1
0.195 0.379 0.0 0.0 0.0 0.0 +1
0.5 0.2 0.0 0.0 0.0 0.0 +1
0.236 0.307 0.0 0.0 0.0 0.0 +1
0.326 0.267 0.0 0.0 0.0 0.0 +1
0.37 0.24 0.0 0.0 0.0 0.0 +1
0.299 0.279 0.0 0.0 0.0 0.0 +1
0.261 0.219 0.0 0.0 0.0 0.0 +1
0.22 0.119 0.0 0.0 0.0 0.0 +1
0.229 0.288 0.0 0.0 0.0 0.0 +1
0.169 0.143 0.0 0.0 0.0 0.0 +1
0.279 0.0 0.0 0.0 0.0 0.0 +1
0.259 0.433 0.0 0.0 0.0 0.0 +1
0.255 0.254 0.0 0.0 0.0 0.0 +1
0.304 0.267 0.0 0.0 0.0 0.0 +1
0.31 0.222 0.0 0.0 0.0 0.0 +1
0.155 0.345 0.0 0.0 0.0 0.0 +1
0.158 0.181 0.0 0.0 0.0 0.0 +1
0.415 0.4 0.0 0.0 0.0 0.0 +1
0.497 0.133 0.0 0.0 0.0 0.0 +1
0.25 0.428 0.0 0.0 0.0 0.0 +1
0.24 0.111 0.0 0.0 0.0 0.0 +1
0.253 0.333 0.0 0.0 0.0 0.0 +1
0.131 0.167 0.0 0.0 0.0 0.0 +1
0.29 0.167 0.0 0.0 0.0 0.0 +1
0.778 0.0 0.0 0.0 0.0 0.0 +1
0.161 0.406 0.0 0.0 0.0 0.0 +1
0.243 0.293 0.0 0.0 0.0 0.0 +1
0.482 0.467 0.0 0.0 0.0 0.0 +1
0.0 0.0 0.0 0.0 0.0 0.0 +1
0.558 0.0 0.0 0.0 0.0 0.0 +1
0.242 0.325 0.0 0.0 0.0 0.0 +1
1.0 0.0 0.0 0.0 0.0 0.0 +1
0.212 0.25 0.0 0.0 0.0 0.0 +1
0.26 0.336 0.0 0.0 0.0 0.0 +1
0.237 0.233 0.0 0.0 0.0 0.0 +1
0.262 0.25 0.0 0.0 0.0 0.0 +1
0.218 0.0 0.0 0.0 0.0 0.0 +1
0.293 0.258 0.0 0.0 0.0 0.0 +1
0.224 0.322 0.0 0.0 0.0 0.0 +1
0.25 0.6 0.0 0.0 0.0 0.0 +1
0.646 0.217 0.0 0.0 0.0 0.0 +1
0.224 0.333 0.0 0.0 0.0 0.0 +1
0.46 0.231 0.0 0.0 0.0 0.0 +1
0.25 0.0 0.0 0.0 0.0 0.0 +1
0.165 0.0 0.0 0.0 0.0 0.0 +1
0.307 0.227 0.0 0.0 0.0 0.0 +1
0.386 0.25 0.0 0.0 0.0 0.0 +1
0.193 0.368 0.0 0.0 0.0 0.0 +1
0.183 0.289 0.0 0.0 0.0 0.0 +1
0.233 0.222 0.0 0.0 0.0 0.0 +1
0.55 0.143 0.0 0.0 0.0 0.0 +1
0.27 0.32 0.0 0.0 0.0 0.0 +1
0.184 0.228 0.0 0.0 0.0 0.0 +1
0.48 0.0 0.0 0.0 0.0 0.0 +1
0.385 0.248 0.0 0.0 0.0 0.0 +1
0.177 0.167 0.0 0.0 0.0 0.0 +1
0.673 0.25 0.0 0.0 0.0 0.0 +1
0.315 0.0 0.0 0.0 0.0 0.0 +1
0.378 0.177 0.0 0.0 0.0 0.0 +1
0.21 0.173 0.0 0.0 0.0 0.0 +1
0.184 0.167 0.0 0.0 0.0 0.0 +1
0.223 0.0 0.0 0.0 0.0 0.0 +1
0.457 0.221 0.0 0.0 0.0 0.0 +1
0.378 0.333 0.0 0.0 0.0 0.0 +1
0.26 0.445 0.0 0.0 0.0 0.0 +1
0.214 0.196 0.0 0.0 0.0 0.0 +1
0.194 0.3 0.0 0.0 0.0 0.0 +1
0.227 0.0 0.0 0.0 0.0 0.0 +1
0.25 0.111 0.0 0.0 0.0 0.0 +1
0.244 0.313 0.0 0.0 0.0 0.0 +1
0.268 0.442 0.0 0.0 0.0 0.0 +1
0.276 0.0 0.0 0.0 0.0 0.0 +1
0.25 0.333 0.0 0.0 0.0 0.0 +1
0.143 0.048 0.0 0.0 0.0 0.0 +1
0.255 0.238 0.0 0.0 0.0 0.0 +1
0.213 0.0 0.0 0.0 0.0 0.0 +1
0.209 0.0 0.0 0.0 0.0 0.0 +1
0.301 0.322 0.0 0.0 0.0 0.0 +1
0.229 0.188 0.0 0.0 0.0 0.0 +1
0.219 0.4 0.0 0.0 0.0 0.0 +1
0.267 0.25 0.0 0.0 0.0 0.0 +1
0.209 0.25 0.0 0.0 0.0 0.0 +1
0.298 0.35 0.0 0.0 0.0 0.0 +1
0.212 0.134 0.0 0.0 0.0 0.0 +1
0.268 0.355 0.0 0.0 0.0 0.0 +1
0.357 0.29 0.0 0.0 0.0 0.0 +1
0.35 0.24 0.0 0.0 0.0 0.0 +1
0.199 0.0 0.0 0.0 0.0 0.0 +1
0.171 0.0 0.0 0.0 0.0 0.0 +1
0.0 0.357 0.0 0.0 0.0 0.0 +1
0.264 0.475 0.0 0.0 0.0 0.0 +1
0.201 0.302 0.0 0.0 0.0 0.0 +1
0.267 0.25 0.0 0.0 0.0 0.0 +1
0.399 0.5 0.0 0.0 0.0 0.0 +1
0.443 0.0 0.0 0.0 0.0 0.0 +1
0.43 0.233 0.0 0.0 0.0 0.0 +1
0.195 0.161 0.0 0.0 0.0 0.0 +1
0.217 0.0 0.0 0.0 0.0 0.0 +1
0.207 0.169 0.0 0.0 0.0 0.0 +1
0.319 0.0 0.0 0.0 0.0 0.0 +1
0.25 0.4 0.0 0.0 0.0 0.0 +1
0.25 0.25 0.0 0.0 0.0 0.0 +1
0.228 0.342 0.0 0.0 0.0 0.0 +1
0.451 0.16 0.0 0.0 0.0 0.0 +1
0.262 0.359 0.0 0.0 0.0 0.0 +1
0.1 0.222 0.0 0.0 0.0 0.0 +1
0.199 0.143 0.0 0.0 0.0 0.0 +1
0.572 0.333 0.0 0.0 0.0 0.0 +1
0.256 0.111 0.0 0.0 0.0 0.0 +1
0.233 0.046 0.0 0.0 0.0 0.0 +1
0.223 0.0 0.0 0.0 0.0 0.0 +1
0.225 0.211 0.0 0.0 0.0 0.0 +1
0.285 0.4 0.0 0.0 0.0 0.0 +1
0.384 0.0 0.0 0.0 0.0 0.0 +1
0.295 0.167 0.0 0.0 0.0 0.0 +1
0.258 0.325 0.0 0.0 0.0 0.0 +1
0.25 0.467 0.0 0.0 0.0 0.0 +1
0.267 0.0 0.0 0.0 0.0 0.0 +1
0.198 0.231 0.0 0.0 0.0 0.0 +1
0.241 0.24 0.0 0.0 0.0 0.0 +1
0.228 0.279 0.0 0.0 0.0 0.0 +1
0.284 0.34 0.0 0.0 0.0 0.0 +1
0.397 0.107 0.0 0.0 0.0 0.0 +1
0.198 0.0 0.0 0.0 0.0 0.0 +1
0.222 0.0 0.0 0.0 0.0 0.0 +1
0.223 0.193 0.0 0.0 0.0 0.0 +1
0.22 0.157 0.0 0.0 0.0 0.0 +1
0.248 0.333 0.0 0.0 0.0 0.0 +1
0.254 0.4 0.0 0.0 0.0 0.0 +1
0.33 0.041 0.0 0.0 0.0 0.0 +1
0.302 0.0 0.0 0.0 0.0 0.0 +1
0.25 0.233 0.0 0.0 0.0 0.0 +1
0.233 0.198 0.0 0.0 0.0 0.0 +1
0.22 0.267 0.0 0.0 0.0 0.0 +1
0.222 0.167 0.0 0.0 0.0 0.0 +1
0.371 0.333 0.0 0.0 0.0 0.0 +1
0.31 0.0 0.0 0.0 0.0 0.0 +1
0.245 0.353 0.0 0.0 0.0 0.0 +1
0.224 0.202 0.0 0.0 0.0 0.0 +1
0.371 0.142 0.0 0.0 0.0 0.0 +1
0.283 0.333 0.0 0.0 0.0 0.0 +1
0.25 0.0 0.0 0.0 0.0 0.0 +1
0.166 0.189 0.0 0.0 0.0 0.0 +1
0.281 0.333 0.0 0.0 0.0 0.0 +1
0.224 0.349 0.0 0.0 0.0 0.0 +1
0.196 0.319 0.0 0.0 0.0 0.0 +1
0.256 0.0 0.0 0.0 0.0 0.0 +1
0.294 0.222 0.0 0.0 0.0 0.0 +1
0.497 0.296 0.0 0.0 0.0 0.0 +1
0.0 0.0 0.0 0.0 0.0 0.0 +1
0.215 0.45 0.0 0.0 0.0 0.0 +1
0.218 0.191 0.0 0.0 0.0 0.0 +1
0.228 0.286 0.0 0.0 0.0 0.0 +1
0.211 0.283 0.0 0.0 0.0 0.0 +1
0.406 0.317 0.0 0.0 0.0 0.0 +1
0.234 0.095 0.0 0.0 0.0 0.0 +1
0.334 0.333 0.0 0.0 0.0 0.0 +1
0.205 0.37 0.0 0.0 0.0 0.0 +1
0.308 0.391 0.0 0.0 0.0 0.0 +1
0.251 0.255 0.0 0.0 0.0 0.0 +1
0.223 0.381 0.0 0.0 0.0 0.0 +1
0.275 0.136 0.0 0.0 0.0 0.0 +1
0.229 0.292 0.0 0.0 0.0 0.0 +1
0.213 0.16 0.0 0.0 0.0 0.0 +1
0.32 0.294 0.0 0.0 0.0 0.0 +1
0.219 0.0 0.0 0.0 0.0 0.0 +1
0.306 0.302 0.0 0.0 0.0 0.0 +1
0.275 0.242 0.0 0.0 0.0 0.0 +1
0.248 0.264 0.0 0.0 0.0 0.0 +1
0.168 0.5 0.0 0.0 0.0 0.0 +1
0.166 0.206 0.0 0.0 0.0 0.0 +1
0.223 0.169 0.0 0.0 0.0 0.0 +1
0.39 0.0 0.0 0.0 0.0 0.0 +1
0.483 0.372 0.0 0.0 0.0 0.0 +1
0.214 0.158 0.0 0.0 0.0 0.0 +1
0.2 0.278 0.0 0.0 0.0 0.0 +1
0.191 0.222 0.0 0.0 0.0 0.0 +1
0.186 0.322 0.0 0.0 0.0 0.0 +1
0.295 0.444 0.0 0.0 0.0 0.0 +1
0.68 0.4 0.0 0.0 0.0 0.0 +1
0.243 0.186 0.0 0.0 0.0 0.0 +1
0.236 0.21 0.0 0.0 0.0 0.0 +1
0.392 0.167 0.0 0.0 0.0 0.0 +1
0.229 0.0 0.0 0.0 0.0 0.0 +1
0.218 0.0 0.0 0.0 0.0 0.0 +1
0.299 0.083 0.0 0.0 0.0 0.0 +1
0.236 0.433 0.0 0.0 0.0 0.0 +1
0.18 0.227 0.0 0.0 0.0 0.0 +1
0.201 0.333 0.0 0.0 0.0 0.0 +1
0.0 0.0 0.0 0.0 0.0 0.0 +1
0.231 0.254 0.0 0.0 0.0 0.0 +1
0.275 0.0 0.0 0.0 0.0 0.0 +1
0.309 0.1 0.0 0.0 0.0 0.0 +1
0.24 0.242 0.0 0.0 0.0 0.0 +1
0.245 0.083 0.0 0.0 0.0 0.0 +1
0.499 0.0 0.0 0.0 0.0 0.0 +1
0.164 0.069 0.0 0.0 0.0 0.0 +1
0.383 0.233 0.0 0.0 0.0 0.0 +1
0.223 0.246 0.0 0.0 0.0 0.0 +1
0.233 0.161 0.0 0.0 0.0 0.0 +1
0.149 0.2 0.0 0.0 0.0 0.0 +1
0.173 0.267 0.0 0.0 0.0 0.0 +1
0.303 0.143 0.0 0.0 0.0 0.0 +1
0.233 0.322 0.0 0.0 0.0 0.0 +1
0.214 0.333 0.0 0.0 0.0 0.0 +1
0.233 0.241 0.0 0.0 0.0 0.0 +1
0.262 0.375 0.0 0.0 0.0 0.0 +1
0.223 0.218 0.0 0.0 0.0 0.0 +1
0.304 0.292 0.0 0.0 0.0 0.0 +1
0.256 0.344 0.0 0.0 0.0 0.0 +1
0.233 0.279 0.0 0.0 0.0 0.0 +1
0.198 0.12 0.0 0.0 0.0 0.0 +1
0.222 0.279 0.0 0.0 0.0 0.0 +1
0.191 0.23 0.0 0.0 0.0 0.0 +1
0.157 0.263 0.0 0.0 0.0 0.0 +1
0.244 0.389 0.0 0.0 0.0 0.0 +1
0.349 0.167 0.0 0.0 0.0 0.0 +1
0.242 0.0 0.0 0.0 0.0 0.0 +1
0.229 0.0 0.0 0.0 0.0 0.0 +1
0.171 0.433 0.0 0.0 0.0 0.0 +1
0.212 0.292 0.0 0.0 0.0 0.0 +1
0.251 0.417 0.0 0.0 0.0 0.0 +1
0.222 0.167 0.0 0.0 0.0 0.0 +1
0.25 0.327 0.0 0.0 0.0 0.0 +1
0.21 0.291 0.0 0.0 0.0 0.0 +1
0.31 0.056 0.0 0.0 0.0 0.0 +1
0.285 0.392 0.0 0.0 0.0 0.0 +1
0.312 0.4 0.0 0.0 0.0 0.0 +1
0.384 0.35 0.0 0.0 0.0 0.0 +1
0.239 0.262 0.0 0.0 0.0 0.0 +1
0.222 0.333 0.0 0.0 0.0 0.0 +1
0.221 0.328 0.0 0.0 0.0 0.0 +1
0.223 0.362 0.0 0.0 0.0 0.0 +1
0.237 0.467 0.0 0.0 0.0 0.0 +1
0.34 0.267 0.0 0.0 0.0 0.0 +1
0.232 0.264 0.0 0.0 0.0 0.0 +1
0.323 0.189 0.0 0.0 0.0 0.0 +1
0.25 0.111 0.0 0.0 0.0 0.0 +1
0.214 0.095 0.0 0.0 0.0 0.0 +1
0.177 0.084 0.0 0.0 0.0 0.0 +1
0.25 0.157 0.0 0.0 0.0 0.0 +1
0.183 0.167 0.0 0.0 0.0 0.0 +1
0.192 0.262 0.0 0.0 0.0 0.0 +1
0.223 0.137 0.0 0.0 0.0 0.0 +1
0.305 0.412 0.0 0.0 0.0 0.0 +1
0.264 0.0 0.0 0.0 0.0 0.0 +1
0.287 0.224 0.0 0.0 0.0 0.0 +1
0.449 0.0 0.0 0.0 0.0 0.0 +1
0.248 0.0 0.0 0.0 0.0 0.0 +1
0.341 0.0 0.0 0.0 0.0 0.0 +1
0.263 0.222 0.0 0.0 0.0 0.0 +1
0.223 0.4 0.0 0.0 0.0 0.0 +1
0.0 0.247 0.0 0.0 0.0 0.0 +1
0.187 0.5 0.0 0.0 0.0 0.0 +1
0.2 0.289 0.0 0.0 0.0 0.0 +1
0.237 0.16 0.0 0.0 0.0 0.0 +1
0.25 0.0 0.0 0.0 0.0 0.0 +1
0.224 0.259 0.0 0.0 0.0 0.0 +1
0.125 0.667 0.0 0.0 0.0 0.0 +1
0.201 0.192 0.0 0.0 0.0 0.0 +1
0.293 0.111 0.0 0.0 0.0 0.0 +1
0.25 0.0 0.0 0.0 0.0 0.0 +1
0.197 0.5 0.0 0.0 0.0 0.0 +1
0.142 0.254 0.0 0.0 0.0 0.0 +1
0.285 0.268 0.0 0.0 0.0 0.0 +1
0.142 0.167 0.0 0.0 0.0 0.0 +1
0.249 0.219 0.0 0.0 0.0 0.0 +1
0.229 0.198 0.0 0.0 0.0 0.0 +1
0.283 0.255 0.0 0.0 0.0 0.0 +1
0.203 0.218 0.0 0.0 0.0 0.0 +1
0.317 0.315 0.0 0.0 0.0 0.0 +1
0.201 0.119 0.0 0.0 0.0 0.0 +1
0.229 0.18 0.0 0.0 0.0 0.0 +1
0.379 0.333 0.0 0.0 0.0 0.0 +1
0.322 0.116 0.0 0.0 0.0 0.0 +1
0.167 0.0 0.0 0.0 0.0 0.0 +1
0.377 0.366 0.0 0.0 0.0 0.0 +1
0.227 0.319 0.0 0.0 0.0 0.0 +1
0.22 0.433 0.0 0.0 0.0 0.0 +1
0.167 0.0 0.0 0.0 0.0 0.0 +1
0.211 0.26 0.0 0.0 0.0 0.0 +1
0.278 0.375 0.0 0.0 0.0 0.0 +1
0.259 0.119 0.0 0.0 0.0 0.0 +1
0.379 0.417 0.0 0.0 0.0 0.0 +1
0.177 0.048 0.0 0.0 0.0 0.0 +1
0.317 0.111 0.0 0.0 0.0 0.0 +1
0.223 0.0 0.0 0.0 0.0 0.0 +1
0.375 0.088 0.0 0.0 0.0 0.0 +1
0.179 0.0 0.0 0.0 0.0 0.0 +1
0.483 0.0 0.0 0.0 0.0 0.0 +1
0.292 0.327 0.0 0.0 0.0 0.0 +1
0.125 0.133 0.0 0.0 0.0 0.0 +1
0.352 0.413 0.0 0.0 0.0 0.0 +1
0.274 0.083 0.0 0.0 0.0 0.0 +1
0.173 0.302 0.0 0.0 0.0 0.0 +1
0.29 0.227 0.0 0.0 0.0 0.0 +1
0.314 0.392 0.0 0.0 0.0 0.0 +1
0.302 0.344 0.0 0.0 0.0 0.0 +1
0.209 0.222 0.0 0.0 0.0 0.0 +1
0.171 0.424 0.0 0.0 0.0 0.0 +1
0.25 0.125 0.0 0.0 0.0 0.0 +1
0.247 0.349 0.0 0.0 0.0 0.0 +1
0.237 0.0 0.0 0.0 0.0 0.0 +1
0.24 0.309 0.0 0.0 0.0 0.0 +1
0.28 0.187 0.0 0.0 0.0 0.0 +1
0.233 0.06 0.0 0.0 0.0 0.0 +1
0.325 0.25 0.0 0.0 0.0 0.0 +1
0.486 0.167 0.0 0.0 0.0 0.0 +1
0.787 0.132 0.0 0.0 0.0 0.0 +1
0.58 0.0 0.0 0.0 0.0 0.0 +1
0.217 0.227 0.0 0.0 0.0 0.0 +1
0.252 0.369 0.0 0.0 0.0 0.0 +1
0.0 0.222 0.0 0.0 0.0 0.0 +1
0.3 0.309 0.0 0.0 0.0 0.0 +1
0.446 0.197 0.0 0.0 0.0 0.0 +1
0.235 0.274 0.0 0.0 0.0 0.0 +1
0.222 0.227 0.0 0.0 0.0 0.0 +1
0.25 0.366 0.0 0.0 0.0 0.0 +1
0.188 0.116 0.0 0.0 0.0 0.0 +1
0.655 0.084 0.0 0.0 0.0 0.0 +1
0.238 0.121 0.0 0.0 0.0 0.0 +1
0.491 0.304 0.0 0.0 0.0 0.0 +1
0.224 0.333 0.0 0.0 0.0 0.0 +1
0.14 0.0 0.0 0.0 0.0 0.0 +1
0.222 0.095 0.0 0.0 0.0 0.0 +1
0.277 0.282 0.0 0.0 0.0 0.0 +1
0.227 0.384 0.0 0.0 0.0 0.0 +1
0.32 0.057 0.0 0.0 0.0 0.0 +1
0.191 0.133 0.0 0.0 0.0 0.0 +1
0.223 0.239 0.0 0.0 0.0 0.0 +1
0.173 0.252 0.0 0.0 0.0 0.0 +1
0.282 0.199 0.0 0.0 0.0 0.0 +1
0.237 0.161 0.0 0.0 0.0 0.0 +1
0.275 0.167 0.0 0.0 0.0 0.0 +1
0.237 0.1 0.0 0.0 0.0 0.0 +1
0.263 0.374 0.0 0.0 0.0 0.0 +1
0.238 0.376 0.0 0.0 0.0 0.0 +1
0.234 0.275 0.0 0.0 0.0 0.0 +1
0.16 0.344 0.0 0.0 0.0 0.0 +1
0.468 0.131 0.0 0.0 0.0 0.0 +1
0.25 0.26 0.0 0.0 0.0 0.0 +1
0.212 0.208 0.0 0.0 0.0 0.0 +1
0.236 0.338 0.0 0.0 0.0 0.0 +1
0.326 0.249 0.0 0.0 0.0 0.0 +1
0.292 0.125 0.0 0.0 0.0 0.0 +1
0.143 0.267 0.0 0.0 0.0 0.0 +1
0.243 0.2 0.0 0.0 0.0 0.0 +1
0.62 0.389 0.0 0.0 0.0 0.0 +1
0.563 0.329 0.0 0.0 0.0 0.0 +1
0.185 0.376 0.0 0.0 0.0 0.0 +1
0.294 0.354 0.0 0.0 0.0 0.0 +1
0.298 0.048 0.0 0.0 0.0 0.0 +1
0.318 0.142 0.0 0.0 0.0 0.0 +1
0.226 0.111 0.0 0.0 0.0 0.0 +1
0.229 0.167 0.0 0.0 0.0 0.0 +1
0.248 0.095 0.0 0.0 0.0 0.0 +1
0.279 0.0 0.0 0.0 0.0 0.0 +1
0.453 0.3 0.0 0.0 0.0 0.0 +1
0.189 0.195 0.0 0.0 0.0 0.0 +1
0.226 0.238 0.0 0.0 0.0 0.0 +1
0.22 0.5 0.0 0.0 0.0 0.0 +1
0.254 0.167 0.0 0.0 0.0 0.0 +1
0.203 0.35 0.0 0.0 0.0 0.0 +1
0.179 0.0 0.0 0.0 0.0 0.0 +1
0.191 0.197 0.0 0.0 0.0 0.0 +1
0.28 0.111 0.0 0.0 0.0 0.0 +1
0.267 0.428 0.0 0.0 0.0 0.0 +1
0.0 0.0 0.0 0.0 0.0 0.0 +1
0.233 0.38 0.0 0.0 0.0 0.0 +1
0.204 0.164 0.0 0.0 0.0 0.0 +1
0.251 0.324 0.0 0.0 0.0 0.0 +1
0.237 0.0 0.0 0.0 0.0 0.0 +1
0.224 0.238 0.0 0.0 0.0 0.0 +1
0.27 0.168 0.0 0.0 0.0 0.0 +1
0.216 0.25 0.0 0.0 0.0 0.0 +1
0.402 0.095 0.0 0.0 0.0 0.0 +1
0.174 0.387 0.0 0.0 0.0 0.0 +1
0.347 0.381 0.0 0.0 0.0 0.0 +1
0.273 0.343 0.0 0.0 0.0 0.0 +1
0.179 0.274 0.0 0.0 0.0 0.0 +1
0.52 0.084 0.0 0.0 0.0 0.0 +1
0.137 0.151 0.0 0.0 0.0 0.0 +1
0.237 0.083 0.0 0.0 0.0 0.0 +1
0.2 0.279 0.0 0.0 0.0 0.0 +1
0.166 0.189 0.0 0.0 0.0 0.0 +1
0.229 0.0 0.0 0.0 0.0 0.0 +1
0.199 0.0 0.0 0.0 0.0 0.0 +1
0.229 0.227 0.0 0.0 0.0 0.0 +1
0.183 0.267 0.0 0.0 0.0 0.0 +1
0.28 0.431 0.0 0.0 0.0 0.0 +1
0.23 0.167 0.0 0.0 0.0 0.0 +1
0.241 0.236 0.0 0.0 0.0 0.0 +1
0.422 0.224 0.0 0.0 0.0 0.0 +1
0.268 0.159 0.0 0.0 0.0 0.0 +1
0.0 0.4 0.0 0.0 0.0 0.0 +1
0.219 0.198 0.0 0.0 0.0 0.0 +1
0.181 0.169 0.0 0.0 0.0 0.0 +1
0.317 0.107 0.0 0.0 0.0 0.0 +1
0.182 0.25 0.0 0.0 0.0 0.0 +1
0.221 0.339 0.0 0.0 0.0 0.0 +1
0.622 0.071 0.0 0.0 0.0 0.0 +1
0.274 0.266 0.0 0.0 0.0 0.0 +1
0.29 0.25 0.0 0.0 0.0 0.0 +1
0.223 0.226 0.0 0.0 0.0 0.0 +1
0.186 0.234 0.0 0.0 0.0 0.0 +1
0.252 0.144 0.0 0.0 0.0 0.0 +1
0.232 0.219 0.0 0.0 0.0 0.0 +1
0.411 0.46 0.0 0.0 0.0 0.0 +1
0.215 0.27 0.0 0.0 0.0 0.0 +1
0.235 0.182 0.0 0.0 0.0 0.0 +1
0.476 0.0 0.0 0.0 0.0 0.0 +1
0.164 0.249 0.0 0.0 0.0 0.0 +1
0.222 0.26 0.0 0.0 0.0 0.0 +1
0.192 0.375 0.0 0.0 0.0 0.0 +1
0.25 0.286 0.0 0.0 0.0 0.0 +1
0.262 0.333 0.0 0.0 0.0 0.0 +1
0.25 0.222 0.0 0.0 0.0 0.0 +1
0.167 0.0 0.0 0.0 0.0 0.0 +1
0.223 0.061 0.0 0.0 0.0 0.0 +1
0.407 0.238 0.0 0.0 0.0 0.0 +1
0.163 0.135 0.0 0.0 0.0 0.0 +1
0.256 0.071 0.0 0.0 0.0 0.0 +1
0.214 0.129 0.0 0.0 0.0 0.0 +1
0.22 0.356 0.0 0.0 0.0 0.0 +1
0.236 0.392 0.0 0.0 0.0 0.0 +1
0.224 0.101 0.0 0.0 0.0 0.0 +1
0.234 0.189 0.0 0.0 0.0 0.0 +1
0.239 0.16 0.0 0.0 0.0 0.0 +1
0.21 0.475 0.0 0.0 0.0 0.0 +1
0.483 0.167 0.0 0.0 0.0 0.0 +1
0.412 0.283 0.0 0.0 0.0 0.0 +1
0.48 0.283 0.0 0.0 0.0 0.0 +1
0.259 0.208 0.0 0.0 0.0 0.0 +1
0.176 0.181 0.0 0.0 0.0 0.0 +1
0.27 0.111 0.0 0.0 0.0 0.0 +1
0.317 0.111 0.0 0.0 0.0 0.0 +1
0.376 0.0 0.0 0.0 0.0 0.0 +1
0.25 0.0 0.0 0.0 0.0 0.0 +1
0.204 0.095 0.0 0.0 0.0 0.0 +1
0.363 0.467 0.0 0.0 0.0 0.0 +1
0.194 0.155 0.0 0.0 0.0 0.0 +1
0.261 0.095 0.0 0.0 0.0 0.0 +1
0.233 0.33 0.0 0.0 0.0 0.0 +1
0.208 0.5 0.0 0.0 0.0 0.0 +1
0.3 0.24 0.0 0.0 0.0 0.0 +1
0.245 0.235 0.0 0.0 0.0 0.0 +1
0.345 0.416 0.0 0.0 0.0 0.0 +1
0.233 0.339 0.0 0.0 0.0 0.0 +1
0.136 0.392 0.0 0.0 0.0 0.0 +1
0.24 0.33 0.0 0.0 0.0 0.0 +1
0.191 0.32 0.0 0.0 0.0 0.0 +1
0.212 0.0 0.0 0.0 0.0 0.0 +1
0.25 0.119 0.0 0.0 0.0 0.0 +1
0.251 0.285 0.0 0.0 0.0 0.0 +1
0.208 0.375 0.0 0.0 0.0 0.0 +1
0.37 0.18 0.0 0.0 0.0 0.0 +1
0.203 0.261 0.0 0.0 0.0 0.0 +1
0.306 0.291 0.0 0.0 0.0 0.0 +1
0.23 0.29 0.0 0.0 0.0 0.0 +1
0.24 0.345 0.0 0.0 0.0 0.0 +1
0.229 0.24 0.0 0.0 0.0 0.0 +1
0.187 0.238 0.0 0.0 0.0 0.0 +1
0.243 0.281 0.0 0.0 0.0 0.0 +1
0.234 0.111 0.0 0.0 0.0 0.0 +1
0.323 0.25 0.0 0.0 0.0 0.0 +1
0.263 0.367 0.0 0.0 0.0 0.0 +1
0.2 0.308 0.0 0.0 0.0 0.0 +1
0.262 0.135 0.0 0.0 0.0 0.0 +1
0.226 0.246 0.0 0.0 0.0 0.0 +1
0.461 0.2 0.0 0.0 0.0 0.0 +1
0.25 0.333 0.0 0.0 0.0 0.0 +1
0.21 0.0 0.0 0.0 0.0 0.0 +1
0.2 0.199 0.0 0.0 0.0 0.0 +1
0.218 0.267 0.0 0.0 0.0 0.0 +1
0.3 0.132 0.0 0.0 0.0 0.0 +1
0.259 0.364 0.0 0.0 0.0 0.0 +1
0.331 0.35 0.0 0.0 0.0 0.0 +1
0.261 0.291 0.0 0.0 0.0 0.0 +1
0.378 0.312 0.0 0.0 0.0 0.0 +1
0.217 0.429 0.0 0.0 0.0 0.0 +1
0.245 0.119 0.0 0.0 0.0 0.0 +1
0.223 0.211 0.0 0.0 0.0 0.0 +1
0.2 0.5 0.0 0.0 0.0 0.0 +1
0.25 0.0 0.0 0.0 0.0 0.0 +1
0.175 0.174 0.0 0.0 0.0 0.0 +1
0.245 0.175 0.0 0.0 0.0 0.0 +1
0.254 0.319 0.0 0.0 0.0 0.0 +1
0.261 0.222 0.0 0.0 0.0 0.0 +1
0.276 0.067 0.0 0.0 0.0 0.0 +1
0.182 0.224 0.0 0.0 0.0 0.0 +1
0.206 0.296 0.0 0.0 0.0 0.0 +1
0.224 0.406 0.0 0.0 0.0 0.0 +1
0.219 0.362 0.0 0.0 0.0 0.0 +1
0.25 0.15 0.0 0.0 0.0 0.0 +1
0.265 0.267 0.0 0.0 0.0 0.0 +1
0.214 0.0 0.0 0.0 0.0 0.0 +1
0.447 0.275 0.0 0.0 0.0 0.0 +1
0.25 0.111 0.0 0.0 0.0 0.0 +1
0.6 0.143 0.0 0.0 0.0 0.0 +1
0.249 0.292 0.0 0.0 0.0 0.0 +1
0.331 0.378 0.0 0.0 0.0 0.0 +1
0.265 0.333 0.0 0.0 0.0 0.0 +1
0.31 0.092 0.0 0.0 0.0 0.0 +1
0.25 0.344 0.0 0.0 0.0 0.0 +1
0.284 0.181 0.0 0.0 0.0 0.0 +1
0.254 0.5 0.0 0.0 0.0 0.0 +1
0.446 0.25 0.0 0.0 0.0 0.0 +1
0.272 0.167 0.0 0.0 0.0 0.0 +1
0.173 0.229 0.0 0.0 0.0 0.0 +1
0.25 0.041 0.0 0.0 0.0 0.0 +1
0.328 0.264 0.0 0.0 0.0 0.0 +1
0.214 0.125 0.0 0.0 0.0 0.0 +1
0.583 0.111 0.0 0.0 0.0 0.0 +1
0.152 0.203 0.0 0.0 0.0 0.0 +1
0.237 0.086 0.0 0.0 0.0 0.0 +1
0.203 0.315 0.0 0.0 0.0 0.0 +1
0.252 0.111 0.0 0.0 0.0 0.0 +1
0.188 0.272 0.0 0.0 0.0 0.0 +1
0.234 0.284 0.0 0.0 0.0 0.0 +1
0.299 0.369 0.0 0.0 0.0 0.0 +1
0.341 0.189 0.0 0.0 0.0 0.0 +1
0.212 0.2 0.0 0.0 0.0 0.0 +1
0.423 0.5 0.0 0.0 0.0 0.0 +1
0.369 0.191 0.0 0.0 0.0 0.0 +1
0.278 0.291 0.0 0.0 0.0 0.0 +1
0.194 0.0 0.0 0.0 0.0 0.0 +1
0.232 0.38 0.0 0.0 0.0 0.0 +1
0.229 0.149 0.0 0.0 0.0 0.0 +1
0.227 0.275 0.0 0.0 0.0 0.0 +1
0.285 0.0 0.0 0.0 0.0 0.0 +1
0.384 0.292 0.0 0.0 0.0 0.0 +1
0.3 0.0 0.0 0.0 0.0 0.0 +1
0.377 0.236 0.0 0.0 0.0 0.0 +1
0.344 0.43 0.0 0.0 0.0 0.0 +1
0.273 0.417 0.0 0.0 0.0 0.0 +1
0.232 0.104 0.0 0.0 0.0 0.0 +1
0.222 0.165 0.0 0.0 0.0 0.0 +1
0.149 0.242 0.0 0.0 0.0 0.0 +1
0.353 0.22 0.0 0.0 0.0 0.0 +1
0.395 0.366 0.0 0.0 0.0 0.0 +1
0.242 0.227 0.0 0.0 0.0 0.0 +1
0.26 0.275 0.0 0.0 0.0 0.0 +1
0.23 0.111 0.0 0.0 0.0 0.0 +1
0.331 0.214 0.0 0.0 0.0 0.0 +1
0.0 0.0 0.0 0.0 0.0 0.0 +1
0.212 0.256 0.0 0.0 0.0 0.0 +1
0.344 0.0 0.0 0.0 0.0 0.0 +1
0.416 0.2 0.0 0.0 0.0 0.0 +1
0.298 0.134 0.0 0.0 0.0 0.0 +1
0.262 0.161 0.0 0.0 0.0 0.0 +1
0.22 0.142 0.0 0.0 0.0 0.0 +1
0.265 0.417 0.0 0.0 0.0 0.0 +1
0.261 0.214 0.0 0.0 0.0 0.0 +1
0.321 0.0 0.0 0.0 0.0 0.0 +1
0.259 0.278 0.0 0.0 0.0 0.0 +1
0.298 0.192 0.0 0.0 0.0 0.0 +1
0.32 0.245 0.0 0.0 0.0 0.0 +1
0.216 0.087 0.0 0.0 0.0 0.0 +1
0.236 0.241 0.0 0.0 0.0 0.0 +1
0.203 0.095 0.0 0.0 0.0 0.0 +1
0.0 0.095 0.0 0.0 0.0 0.0 +1
0.198 0.191 0.0 0.0 0.0 0.0 +1
0.203 0.197 0.0 0.0 0.0 0.0 +1
0.497 0.289 0.0 0.0 0.0 0.0 +1
0.34 0.33 0.0 0.0 0.0 0.0 +1
0.194 0.304 0.0 0.0 0.0 0.0 +1
0.404 0.295 0.0 0.0 0.0 0.0 +1
0.298 0.114 0.0 0.0 0.0 0.0 +1
0.208 0.4 0.0 0.0 0.0 0.0 +1
0.248 0.071 0.0 0.0 0.0 0.0 +1
0.237 0.208 0.0 0.0 0.0 0.0 +1
0.261 0.44 0.0 0.0 0.0 0.0 +1
0.21 0.333 0.0 0.0 0.0 0.0 +1
0.0 0.0 0.0 0.0 0.0 0.0 +1
0.292 0.3 0.0 0.0 0.0 0.0 +1
0.214 0.305 0.0 0.0 0.0 0.0 +1
0.233 0.184 0.0 0.0 0.0 0.0 +1
0.196 0.208 0.0 0.0 0.0 0.0 +1
0.134 0.274 0.0 0.0 0.0 0.0 +1
0.237 0.0 0.0 0.0 0.0 0.0 +1
0.32 0.411 0.0 0.0 0.0 0.0 +1
0.195 0.2 0.0 0.0 0.0 0.0 +1
0.233 0.138 0.0 0.0 0.0 0.0 +1
0.35 0.157 0.0 0.0 0.0 0.0 +1
0.161 0.067 0.0 0.0 0.0 0.0 +1
0.353 0.295 0.0 0.0 0.0 0.0 +1
0.24 0.137 0.0 0.0 0.0 0.0 +1
0.237 0.352 0.0 0.0 0.0 0.0 +1
0.517 0.302 0.0 0.0 0.0 0.0 +1
0.214 0.119 0.0 0.0 0.0 0.0 +1
0.0 0.0 0.0 0.0 0.0 0.0 +1
0.278 0.188 0.0 0.0 0.0 0.0 +1
0.228 0.416 0.0 0.0 0.0 0.0 +1
0.25 0.111 0.0 0.0 0.0 0.0 +1
0.272 0.202 0.0 0.0 0.0 0.0 +1
0.633 0.228 0.0 0.0 0.0 0.0 +1
0.265 0.222 0.0 0.0 0.0 0.0 +1
0.212 0.0 0.0 0.0 0.0 0.0 +1
0.412 0.0 0.0 0.0 0.0 0.0 -1
0.237 0.0 0.0 0.0 0.0 0.0 -1
0.322 0.218 0.0 0.0 0.0 0.0 -1
0.27 0.178 0.0 0.0 0.0 0.0 -1
0.209 0.153 0.0 0.0 0.0 0.0 -1
0.0 0.041 0.0 0.0 0.0 0.0 -1
0.336 0.512 0.0 0.0 0.0 0.0 -1
0.233 0.146 0.0 0.0 0.0 0.0 -1
0.296 0.168 0.0 0.0 0.0 0.0 -1
0.269 0.433 0.0 0.0 0.0 0.0 -1
0.265 0.236 0.0 0.0 0.0 0.0 -1
0.206 0.0 0.0 0.0 0.0 0.0 -1
0.189 0.229 0.0 0.0 0.0 0.0 -1
0.218 0.143 0.0 0.0 0.0 0.0 -1
0.342 0.5 0.0 0.0 0.0 0.0 -1
0.633 0.083 0.0 0.0 0.0 0.0 -1
0.378 0.267 0.0 0.0 0.0 0.0 -1
0.342 0.305 0.0 0.0 0.0 0.0 -1
0.261 0.262 0.0 0.0 0.0 0.0 -1
0.307 0.29 0.0 0.0 0.0 0.0 -1
0.23 0.333 0.0 0.0 0.0 0.0 -1
0.237 0.369 0.0 0.0 0.0 0.0 -1
0.449 0.048 0.0 0.0 0.0 0.0 -1
0.182 0.187 0.0 0.0 0.0 0.0 -1
0.272 0.167 0.0 0.0 0.0 0.0 -1
0.539 0.299 0.0 0.0 0.0 0.0 -1
0.214 0.0 0.0 0.0 0.0 0.0 -1
0.272 0.338 0.0 0.0 0.0 0.0 -1
0.662 0.35 0.0 0.0 0.0 0.0 -1
0.391 0.237 0.0 0.0 0.0 0.0 -1
0.253 0.296 0.0 0.0 0.0 0.0 -1
0.25 0.327 0.0 0.0 0.0 0.0 -1
0.233 0.399 0.0 0.0 0.0 0.0 -1
0.233 0.233 0.0 0.0 0.0 0.0 -1
0.224 0.119 0.0 0.0 0.0 0.0 -1
0.198 0.123 0.0 0.0 0.0 0.0 -1
0.25 0.104 0.0 0.0 0.0 0.0 -1
0.462 0.283 0.0 0.0 0.0 0.0 -1
0.326 0.173 0.0 0.0 0.0 0.0 -1
0.0 0.0 0.0 0.0 0.0 0.0 -1
0.371 0.257 0.0 0.0 0.0 0.0 -1
0.238 0.411 0.0 0.0 0.0 0.0 -1
0.203 0.111 0.0 0.0 0.0 0.0 -1
0.298 0.269 0.0 0.0 0.0 0.0 -1
0.261 0.387 0.0 0.0 0.0 0.0 -1
0.159 0.243 0.0 0.0 0.0 0.0 -1
0.229 0.0 0.0 0.0 0.0 0.0 -1
0.27 0.398 0.0 0.0 0.0 0.0 -1
0.264 0.33 0.0 0.0 0.0 0.0 -1
0.229 0.35 0.0 0.0 0.0 0.0 -1
0.272 0.111 0.0 0.0 0.0 0.0 -1
0.697 0.0 0.0 0.0 0.0 0.0 -1
0.367 0.246 0.0 0.0 0.0 0.0 -1
0.212 0.328 0.0 0.0 0.0 0.0 -1
0.31 0.048 0.0 0.0 0.0 0.0 -1
0.28 0.0 0.0 0.0 0.0 0.0 -1
0.483 0.378 0.0 0.0 0.0 0.0 -1
0.101 0.391 0.0 0.0 0.0 0.0 -1
0.21 0.271 0.0 0.0 0.0 0.0 -1
0.204 0.292 0.0 0.0 0.0 0.0 -1
0.558 0.27 0.0 0.0 0.0 0.0 -1
0.168 0.159 0.0 0.0 0.0 0.0 -1
0.223 0.167 0.0 0.0 0.0 0.0 -1
0.338 0.095 0.0 0.0 0.0 0.0 -1
0.25 0.111 0.0 0.0 0.0 0.0 -1
0.236 0.5 0.0 0.0 0.0 0.0 -1
0.388 0.307 0.0 0.0 0.0 0.0 -1
0.203 0.066 0.0 0.0 0.0 0.0 -1
0.327 0.0 0.0 0.0 0.0 0.0 -1
0.192 0.242 0.0 0.0 0.0 0.0 -1
0.48 0.35 0.0 0.0 0.0 0.0 -1
0.158 0.224 0.0 0.0 0.0 0.0 -1
0.223 0.32 0.0 0.0 0.0 0.0 -1
0.214 0.321 0.0 0.0 0.0 0.0 -1
0.179 0.206 0.0 0.0 0.0 0.0 -1
0.229 0.168 0.0 0.0 0.0 0.0 -1
0.527 0.0 0.0 0.0 0.0 0.0 -1
0.178 0.266 0.0 0.0 0.0 0.0 -1
0.336 0.303 0.0 0.0 0.0 0.0 -1
0.39 0.255 0.0 0.0 0.0 0.0 -1
0.25 0.0 0.0 0.0 0.0 0.0 -1
0.14 1.0 0.0 0.0 0.0 0.0 -1
0.182 0.0 0.0 0.0 0.0 0.0 -1
0.397 0.357 0.0 0.0 0.0 0.0 -1
0.267 0.114 0.0 0.0 0.0 0.0 -1
0.25 0.1 0.0 0.0 0.0 0.0 -1
0.228 0.112 0.0 0.0 0.0 0.0 -1
0.424 0.0 0.0 0.0 0.0 0.0 -1
0.19 0.328 0.0 0.0 0.0 0.0 -1
0.362 0.111 0.0 0.0 0.0 0.0 -1
0.2 0.231 0.0 0.0 0.0 0.0 -1
0.25 0.0 0.0 0.0 0.0 0.0 -1
0.181 0.205 0.0 0.0 0.0 0.0 -1
0.25 0.277 0.0 0.0 0.0 0.0 -1
0.292 0.25 0.0 0.0 0.0 0.0 -1
0.199 0.221 0.0 0.0 0.0 0.0 -1
0.267 0.325 0.0 0.0 0.0 0.0 -1
0.229 0.209 0.0 0.0 0.0 0.0 -1
0.43 0.167 0.0 0.0 0.0 0.0 -1
0.25 0.16 0.0 0.0 0.0 0.0 -1
0.226 0.0 0.0 0.0 0.0 0.0 -1
0.633 0.167 0.0 0.0 0.0 0.0 -1
0.237 0.083 0.0 0.0 0.0 0.0 -1
0.245 0.363 0.0 0.0 0.0 0.0 -1
0.27 0.222 0.0 0.0 0.0 0.0 -1
0.219 0.305 0.0 0.0 0.0 0.0 -1
0.189 0.2 0.0 0.0 0.0 0.0 -1
0.195 0.153 0.0 0.0 0.0 0.0 -1
0.223 0.0 0.0 0.0 0.0 0.0 -1
0.365 0.186 0.0 0.0 0.0 0.0 -1
0.3 0.281 0.0 0.0 0.0 0.0 -1
0.233 0.0 0.0 0.0 0.0 0.0 -1
0.25 0.237 0.0 0.0 0.0 0.0 -1
0.171 0.159 0.0 0.0 0.0 0.0 -1
0.25 0.333 0.0 0.0 0.0 0.0 -1
0.235 0.347 0.0 0.0 0.0 0.0 -1
0.248 0.409 0.0 0.0 0.0 0.0 -1
0.59 0.333 0.0 0.0 0.0 0.0 -1
0.184 0.2 0.0 0.0 0.0 0.0 -1
0.297 0.083 0.0 0.0 0.0 0.0 -1
0.239 0.193 0.0 0.0 0.0 0.0 -1
0.226 0.467 0.0 0.0 0.0 0.0 -1
0.233 0.311 0.0 0.0 0.0 0.0 -1
0.228 0.358 0.0 0.0 0.0 0.0 -1
0.233 0.444 0.0 0.0 0.0 0.0 -1
0.254 0.119 0.0 0.0 0.0 0.0 -1
0.292 0.333 0.0 0.0 0.0 0.0 -1
0.25 0.0 0.0 0.0 0.0 0.0 -1
0.183 0.333 0.0 0.0 0.0 0.0 -1
0.224 0.295 0.0 0.0 0.0 0.0 -1
0.201 0.219 0.0 0.0 0.0 0.0 -1
0.313 0.425 0.0 0.0 0.0 0.0 -1
0.174 0.295 0.0 0.0 0.0 0.0 -1
0.143 0.0 0.0 0.0 0.0 0.0 -1
0.233 0.253 0.0 0.0 0.0 0.0 -1
0.23 0.193 0.0 0.0 0.0 0.0 -1
0.262 0.392 0.0 0.0 0.0 0.0 -1
0.428 0.333 0.0 0.0 0.0 0.0 -1
0.423 0.467 0.0 0.0 0.0 0.0 -1
0.233 0.111 0.0 0.0 0.0 0.0 -1
0.19 0.111 0.0 0.0 0.0 0.0 -1
0.153 0.317 0.0 0.0 0.0 0.0 -1
0.33 0.0 0.0 0.0 0.0 0.0 -1
0.319 0.233 0.0 0.0 0.0 0.0 -1
0.233 0.148 0.0 0.0 0.0 0.0 -1
0.232 0.417 0.0 0.0 0.0 0.0 -1
0.202 0.167 0.0 0.0 0.0 0.0 -1
0.229 0.116 0.0 0.0 0.0 0.0 -1
0.227 0.383 0.0 0.0 0.0 0.0 -1
0.203 0.167 0.0 0.0 0.0 0.0 -1
0.221 0.208 0.0 0.0 0.0 0.0 -1
0.218 0.329 0.0 0.0 0.0 0.0 -1
0.236 0.16 0.0 0.0 0.0 0.0 -1
0.301 0.287 0.0 0.0 0.0 0.0 -1
0.387 0.267 0.0 0.0 0.0 0.0 -1
0.24 0.119 0.0 0.0 0.0 0.0 -1
0.191 0.291 0.0 0.0 0.0 0.0 -1
0.292 0.412 0.0 0.0 0.0 0.0 -1
0.233 0.322 0.0 0.0 0.0 0.0 -1
0.241 0.184 0.0 0.0 0.0 0.0 -1
0.317 0.248 0.0 0.0 0.0 0.0 -1
0.268 0.393 0.0 0.0 0.0 0.0 -1
0.213 0.0 0.0 0.0 0.0 0.0 -1
0.2 0.0 0.0 0.0 0.0 0.0 -1
0.293 0.5 0.0 0.0 0.0 0.0 -1
0.289 0.2 0.0 0.0 0.0 0.0 -1
0.231 0.222 0.0 0.0 0.0 0.0 -1
0.177 0.138 0.0 0.0 0.0 0.0 -1
0.286 0.25 0.0 0.0 0.0 0.0 -1
0.234 0.271 0.0 0.0 0.0 0.0 -1
0.211 0.0 0.0 0.0 0.0 0.0 -1
0.347 0.204 0.0 0.0 0.0 0.0 -1
0.355 0.269 0.0 0.0 0.0 0.0 -1
0.264 0.161 0.0 0.0 0.0 0.0 -1
0.225 0.34 0.0 0.0 0.0 0.0 -1
0.229 0.193 0.0 0.0 0.0 0.0 -1
0.24 0.403 0.0 0.0 0.0 0.0 -1
0.301 0.214 0.0 0.0 0.0 0.0 -1
0.604 0.26 0.0 0.0 0.0 0.0 -1
0.307 0.315 0.0 0.0 0.0 0.0 -1
0.293 0.149 0.0 0.0 0.0 0.0 -1
0.255 0.149 0.0 0.0 0.0 0.0 -1
0.198 0.305 0.0 0.0 0.0 0.0 -1
0.237 0.084 0.0 0.0 0.0 0.0 -1
0.215 0.213 0.0 0.0 0.0 0.0 -1
0.219 0.332 0.0 0.0 0.0 0.0 -1
0.202 0.257 0.0 0.0 0.0 0.0 -1
0.274 0.402 0.0 0.0 0.0 0.0 -1
0.25 0.0 0.0 0.0 0.0 0.0 -1
0.267 0.363 0.0 0.0 0.0 0.0 -1
0.213 0.378 0.0 0.0 0.0 0.0 -1
0.228 0.168 0.0 0.0 0.0 0.0 -1
0.0 0.0 0.0 0.0 0.0 0.0 -1
0.263 0.217 0.0 0.0 0.0 0.0 -1
0.228 0.4 0.0 0.0 0.0 0.0 -1
0.286 0.167 0.0 0.0 0.0 0.0 -1
0.26 0.2 0.0 0.0 0.0 0.0 -1
0.229 0.165 0.0 0.0 0.0 0.0 -1
0.356 0.389 0.0 0.0 0.0 0.0 -1
0.211 0.167 0.0 0.0 0.0 0.0 -1
0.215 0.0 0.0 0.0 0.0 0.0 -1
0.185 0.225 0.0 0.0 0.0 0.0 -1
0.254 0.307 0.0 0.0 0.0 0.0 -1
0.633 0.083 0.0 0.0 0.0 0.0 -1
0.282 0.131 0.0 0.0 0.0 0.0 -1
0.234 0.08 0.0 0.0 0.0 0.0 -1
0.347 0.357 0.0 0.0 0.0 0.0 -1
0.177 0.0 0.0 0.0 0.0 0.0 -1
0.191 0.305 0.0 0.0 0.0 0.0 -1
0.195 0.131 0.0 0.0 0.0 0.0 -1
0.327 0.257 0.0 0.0 0.0 0.0 -1
0.397 0.273 0.0 0.0 0.0 0.0 -1
0.211 0.303 0.0 0.0 0.0 0.0 -1
0.22 0.322 0.0 0.0 0.0 0.0 -1
0.228 0.048 0.0 0.0 0.0 0.0 -1
0.322 0.217 0.0 0.0 0.0 0.0 -1
0.488 0.0 0.0 0.0 0.0 0.0 -1
0.166 0.174 0.0 0.0 0.0 0.0 -1
0.425 0.0 0.0 0.0 0.0 0.0 -1
0.324 0.438 0.0 0.0 0.0 0.0 -1
0.498 0.201 0.0 0.0 0.0 0.0 -1
0.241 0.0 0.0 0.0 0.0 0.0 -1
0.218 0.428 0.0 0.0 0.0 0.0 -1
0.433 0.167 0.0 0.0 0.0 0.0 -1
0.353 0.097 0.0 0.0 0.0 0.0 -1
0.329 0.4 0.0 0.0 0.0 0.0 -1
0.194 0.28 0.0 0.0 0.0 0.0 -1
0.339 0.354 0.0 0.0 0.0 0.0 -1
0.22 0.373 0.0 0.0 0.0 0.0 -1
0.245 0.355 0.0 0.0 0.0 0.0 -1
0.236 0.251 0.0 0.0 0.0 0.0 -1
0.233 0.118 0.0 0.0 0.0 0.0 -1
0.2 0.4 0.0 0.0 0.0 0.0 -1
0.223 0.0 0.0 0.0 0.0 0.0 -1
0.2 0.169 0.0 0.0 0.0 0.0 -1
0.355 0.032 0.0 0.0 0.0 0.0 -1
0.0 0.143 0.0 0.0 0.0 0.0 -1
0.392 0.273 0.0 0.0 0.0 0.0 -1
0.271 0.395 0.0 0.0 0.0 0.0 -1
0.197 0.3 0.0 0.0 0.0 0.0 -1
0.24 0.042 0.0 0.0 0.0 0.0 -1
0.334 0.095 0.0 0.0 0.0 0.0 -1
0.265 0.125 0.0 0.0 0.0 0.0 -1
0.321 0.25 0.0 0.0 0.0 0.0 -1
0.242 0.333 0.0 0.0 0.0 0.0 -1
0.23 0.334 0.0 0.0 0.0 0.0 -1
0.216 0.173 0.0 0.0 0.0 0.0 -1
0.189 0.146 0.0 0.0 0.0 0.0 -1
0.23 0.25 0.0 0.0 0.0 0.0 -1
0.225 0.0 0.0 0.0 0.0 0.0 -1
0.385 0.228 0.0 0.0 0.0 0.0 -1
0.267 0.35 0.0 0.0 0.0 0.0 -1
0.475 0.31 0.0 0.0 0.0 0.0 -1
0.25 0.286 0.0 0.0 0.0 0.0 -1
0.196 0.317 0.0 0.0 0.0 0.0 -1
0.216 0.184 0.0 0.0 0.0 0.0 -1
0.227 0.132 0.0 0.0 0.0 0.0 -1
0.487 0.392 0.0 0.0 0.0 0.0 -1
0.12 0.253 0.0 0.0 0.0 0.0 -1
0.38 0.334 0.0 0.0 0.0 0.0 -1
0.0 0.0 0.0 0.0 0.0 0.0 -1
0.504 0.08 0.0 0.0 0.0 0.0 -1
0.296 0.305 0.0 0.0 0.0 0.0 -1
0.175 0.167 0.0 0.0 0.0 0.0 -1
0.272 0.47 0.0 0.0 0.0 0.0 -1
0.219 0.322 0.0 0.0 0.0 0.0 -1
0.339 0.0 0.0 0.0 0.0 0.0 -1
0.205 0.314 0.0 0.0 0.0 0.0 -1
0.444 0.0 0.0 0.0 0.0 0.0 -1
0.256 0.347 0.0 0.0 0.0 0.0 -1
0.156 0.303 0.0 0.0 0.0 0.0 -1
0.205 0.139 0.0 0.0 0.0 0.0 -1
0.17 0.31 0.0 0.0 0.0 0.0 -1
0.258 0.417 0.0 0.0 0.0 0.0 -1
0.225 0.359 0.0 0.0 0.0 0.0 -1
0.154 0.254 0.0 0.0 0.0 0.0 -1
0.212 0.225 0.0 0.0 0.0 0.0 -1
0.194 0.151 0.0 0.0 0.0 0.0 -1
0.452 0.467 0.0 0.0 0.0 0.0 -1
0.38 0.384 0.0 0.0 0.0 0.0 -1
0.223 0.383 0.0 0.0 0.0 0.0 -1
0.271 0.4 0.0 0.0 0.0 0.0 -1
0.25 0.4 0.0 0.0 0.0 0.0 -1
0.25 0.053 0.0 0.0 0.0 0.0 -1
0.202 0.069 0.0 0.0 0.0 0.0 -1
0.248 0.248 0.0 0.0 0.0 0.0 -1
0.2 0.0 0.0 0.0 0.0 0.0 -1
0.238 0.111 0.0 0.0 0.0 0.0 -1
0.243 0.238 0.0 0.0 0.0 0.0 -1
0.307 0.23 0.0 0.0 0.0 0.0 -1
0.25 0.0 0.0 0.0 0.0 0.0 -1
0.186 0.322 0.0 0.0 0.0 0.0 -1
0.414 0.091 0.0 0.0 0.0 0.0 -1
0.58 0.133 0.0 0.0 0.0 0.0 -1
0.317 0.4 0.0 0.0 0.0 0.0 -1
0.546 0.142 0.0 0.0 0.0 0.0 -1
0.197 0.0 0.0 0.0 0.0 0.0 -1
0.458 0.366 0.0 0.0 0.0 0.0 -1
0.254 0.118 0.0 0.0 0.0 0.0 -1
0.236 0.5 0.0 0.0 0.0 0.0 -1
0.219 0.071 0.0 0.0 0.0 0.0 -1
0.248 0.329 0.0 0.0 0.0 0.0 -1
0.224 0.061 0.0 0.0 0.0 0.0 -1
0.214 0.327 0.0 0.0 0.0 0.0 -1
0.212 0.0 0.0 0.0 0.0 0.0 -1
0.15 0.471 0.0 0.0 0.0 0.0 -1
0.287 0.241 0.0 0.0 0.0 0.0 -1
0.133 0.2 0.0 0.0 0.0 0.0 -1
0.162 0.224 0.0 0.0 0.0 0.0 -1
0.231 0.111 0.0 0.0 0.0 0.0 -1
0.182 0.322 0.0 0.0 0.0 0.0 -1
0.247 0.306 0.0 0.0 0.0 0.0 -1
0.305 0.433 0.0 0.0 0.0 0.0 -1
0.488 0.417 0.0 0.0 0.0 0.0 -1
0.625 0.0 0.0 0.0 0.0 0.0 -1
0.222 0.341 0.0 0.0 0.0 0.0 -1
0.381 0.305 0.0 0.0 0.0 0.0 -1
0.417 0.333 0.0 0.0 0.0 0.0 -1
0.36 0.277 0.0 0.0 0.0 0.0 -1
0.149 0.199 0.0 0.0 0.0 0.0 -1
0.31 0.26 0.0 0.0 0.0 0.0 -1
0.143 0.25 0.0 0.0 0.0 0.0 -1
0.175 0.111 0.0 0.0 0.0 0.0 -1
0.213 0.0 0.0 0.0 0.0 0.0 -1
0.256 0.208 0.0 0.0 0.0 0.0 -1
0.269 0.322 0.0 0.0 0.0 0.0 -1
0.0 0.0 0.0 0.0 0.0 0.0 -1
0.221 0.296 0.0 0.0 0.0 0.0 -1
0.299 0.084 0.0 0.0 0.0 0.0 -1
0.274 0.4 0.0 0.0 0.0 0.0 -1
0.282 0.139 0.0 0.0 0.0 0.0 -1
0.239 0.378 0.0 0.0 0.0 0.0 -1
0.399 0.34 0.0 0.0 0.0 0.0 -1
0.202 0.0 0.0 0.0 0.0 0.0 -1
0.233 0.0 0.0 0.0 0.0 0.0 -1
0.244 0.179 0.0 0.0 0.0 0.0 -1
0.1 0.281 0.0 0.0 0.0 0.0 -1
0.194 0.333 0.0 0.0 0.0 0.0 -1
0.274 0.4 0.0 0.0 0.0 0.0 -1
0.24 0.0 0.0 0.0 0.0 0.0 -1
0.248 0.221 0.0 0.0 0.0 0.0 -1
0.214 0.169 0.0 0.0 0.0 0.0 -1
0.45 0.333 0.0 0.0 0.0 0.0 -1
0.208 0.302 0.0 0.0 0.0 0.0 -1
0.289 0.0 0.0 0.0 0.0 0.0 -1
0.333 0.0 0.0 0.0 0.0 0.0 -1
0.425 0.2 0.0 0.0 0.0 0.0 -1
0.191 0.131 0.0 0.0 0.0 0.0 -1
0.0 0.0 0.0 0.0 0.0 0.0 -1
0.387 0.232 0.0 0.0 0.0 0.0 -1
0.262 0.202 0.0 0.0 0.0 0.0 -1
0.204 0.111 0.0 0.0 0.0 0.0 -1
0.168 0.128 0.0 0.0 0.0 0.0 -1
0.368 0.258 0.0 0.0 0.0 0.0 -1
0.25 0.219 0.0 0.0 0.0 0.0 -1
0.0 0.2 0.0 0.0 0.0 0.0 -1
0.178 0.0 0.0 0.0 0.0 0.0 -1
0.383 0.347 0.0 0.0 0.0 0.0 -1
0.229 0.146 0.0 0.0 0.0 0.0 -1
0.214 0.406 0.0 0.0 0.0 0.0 -1
0.274 0.333 0.0 0.0 0.0 0.0 -1
0.248 0.44 0.0 0.0 0.0 0.0 -1
0.233 0.119 0.0 0.0 0.0 0.0 -1
0.778 0.5 0.0 0.0 0.0 0.0 -1
0.411 0.24 0.0 0.0 0.0 0.0 -1
0.382 0.36 0.0 0.0 0.0 0.0 -1
0.261 0.133 0.0 0.0 0.0 0.0 -1
0.264 0.261 0.0 0.0 0.0 0.0 -1
0.4 0.044 0.0 0.0 0.0 0.0 -1
0.238 0.124 0.0 0.0 0.0 0.0 -1
0.219 0.162 0.0 0.0 0.0 0.0 -1
0.35 0.233 0.0 0.0 0.0 0.0 -1
0.268 0.333 0.0 0.0 0.0 0.0 -1
0.455 0.207 0.0 0.0 0.0 0.0 -1
0.329 0.344 0.0 0.0 0.0 0.0 -1
0.297 0.186 0.0 0.0 0.0 0.0 -1
0.354 0.0 0.0 0.0 0.0 0.0 -1
0.241 0.336 0.0 0.0 0.0 0.0 -1
0.193 0.285 0.0 0.0 0.0 0.0 -1
0.186 0.322 0.0 0.0 0.0 0.0 -1
0.35 0.331 0.0 0.0 0.0 0.0 -1
0.228 0.284 0.0 0.0 0.0 0.0 -1
0.206 0.083 0.0 0.0 0.0 0.0 -1
0.2 0.35 0.0 0.0 0.0 0.0 -1
0.217 0.0 0.0 0.0 0.0 0.0 -1
0.219 0.222 0.0 0.0 0.0 0.0 -1
0.199 0.237 0.0 0.0 0.0 0.0 -1
0.199 0.0 0.0 0.0 0.0 0.0 -1
0.275 0.241 0.0 0.0 0.0 0.0 -1
0.29 0.359 0.0 0.0 0.0 0.0 -1
0.238 0.14 0.0 0.0 0.0 0.0 -1
0.202 0.325 0.0 0.0 0.0 0.0 -1
0.261 0.333 0.0 0.0 0.0 0.0 -1
0.278 0.405 0.0 0.0 0.0 0.0 -1
0.274 0.0 0.0 0.0 0.0 0.0 -1
0.198 0.247 0.0 0.0 0.0 0.0 -1
0.317 0.349 0.0 0.0 0.0 0.0 -1
0.362 0.433 0.0 0.0 0.0 0.0 -1
0.35 0.0 0.0 0.0 0.0 0.0 -1
0.317 0.102 0.0 0.0 0.0 0.0 -1
0.261 0.177 0.0 0.0 0.0 0.0 -1
0.233 0.25 0.0 0.0 0.0 0.0 -1
0.173 0.0 0.0 0.0 0.0 0.0 -1
0.195 0.25 0.0 0.0 0.0 0.0 -1
0.301 0.167 0.0 0.0 0.0 0.0 -1
0.157 0.24 0.0 0.0 0.0 0.0 -1
0.204 0.48 0.0 0.0 0.0 0.0 -1
0.303 0.4 0.0 0.0 0.0 0.0 -1
0.186 0.322 0.0 0.0 0.0 0.0 -1
0.241 0.337 0.0 0.0 0.0 0.0 -1
0.346 0.345 0.0 0.0 0.0 0.0 -1
0.24 0.086 0.0 0.0 0.0 0.0 -1
0.219 0.209 0.0 0.0 0.0 0.0 -1
0.37 0.2 0.0 0.0 0.0 0.0 -1
0.334 0.111 0.0 0.0 0.0 0.0 -1
0.295 0.4 0.0 0.0 0.0 0.0 -1
0.24 0.27 0.0 0.0 0.0 0.0 -1
0.58 0.355 0.0 0.0 0.0 0.0 -1
0.277 0.111 0.0 0.0 0.0 0.0 -1
0.175 0.0 0.0 0.0 0.0 0.0 -1
0.223 0.219 0.0 0.0 0.0 0.0 -1
0.181 0.227 0.0 0.0 0.0 0.0 -1
0.185 0.162 0.0 0.0 0.0 0.0 -1
1.0 0.378 0.0 0.0 0.0 0.0 -1
0.242 0.487 0.0 0.0 0.0 0.0 -1
0.184 0.0 0.0 0.0 0.0 0.0 -1
0.355 0.5 0.0 0.0 0.0 0.0 -1
0.23 0.209 0.0 0.0 0.0 0.0 -1
0.216 0.264 0.0 0.0 0.0 0.0 -1
0.194 0.0 0.0 0.0 0.0 0.0 -1
0.378 0.341 0.0 0.0 0.0 0.0 -1
0.198 0.276 0.0 0.0 0.0 0.0 -1
0.168 0.229 0.0 0.0 0.0 0.0 -1
0.417 0.0 0.0 0.0 0.0 0.0 -1
0.242 0.395 0.0 0.0 0.0 0.0 -1
0.147 0.239 0.0 0.0 0.0 0.0 -1
0.21 0.147 0.0 0.0 0.0 0.0 -1
0.236 0.233 0.0 0.0 0.0 0.0 -1
0.224 0.0 0.0 0.0 0.0 0.0 -1
0.222 0.269 0.0 0.0 0.0 0.0 -1
0.241 0.323 0.0 0.0 0.0 0.0 -1
0.0 0.0 0.0 0.0 0.0 0.0 -1
0.275 0.165 0.0 0.0 0.0 0.0 -1
0.198 0.286 0.0 0.0 0.0 0.0 -1
0.375 0.116 0.0 0.0 0.0 0.0 -1
0.25 0.042 0.0 0.0 0.0 0.0 -1
0.199 0.322 0.0 0.0 0.0 0.0 -1
0.215 0.322 0.0 0.0 0.0 0.0 -1
0.0 0.0 0.0 0.0 0.0 0.0 -1
0.258 0.27 0.0 0.0 0.0 0.0 -1
0.203 0.4 0.0 0.0 0.0 0.0 -1
0.28 0.294 0.0 0.0 0.0 0.0 -1
0.412 0.143 0.0 0.0 0.0 0.0 -1
0.145 0.167 0.0 0.0 0.0 0.0 -1
0.45 0.333 0.0 0.0 0.0 0.0 -1
0.339 0.367 0.0 0.0 0.0 0.0 -1
0.27 0.182 0.0 0.0 0.0 0.0 -1
0.137 0.252 0.0 0.0 0.0 0.0 -1
0.177 0.389 0.0 0.0 0.0 0.0 -1
0.341 0.113 0.0 0.0 0.0 0.0 -1
0.325 0.3 0.0 0.0 0.0 0.0 -1
0.312 0.241 0.0 0.0 0.0 0.0 -1
0.256 0.084 0.0 0.0 0.0 0.0 -1
0.32 0.167 0.0 0.0 0.0 0.0 -1
0.263 0.267 0.0 0.0 0.0 0.0 -1
0.237 0.062 0.0 0.0 0.0 0.0 -1
0.209 0.251 0.0 0.0 0.0 0.0 -1
0.209 0.0 0.0 0.0 0.0 0.0 -1
0.25 0.095 0.0 0.0 0.0 0.0 -1
0.525 0.205 0.0 0.0 0.0 0.0 -1
0.246 0.242 0.0 0.0 0.0 0.0 -1
0.196 0.0 0.0 0.0 0.0 0.0 -1
0.225 0.119 0.0 0.0 0.0 0.0 -1
0.278 0.285 0.0 0.0 0.0 0.0 -1
0.285 0.0 0.0 0.0 0.0 0.0 -1
0.138 0.0 0.0 0.0 0.0 0.0 -1
0.185 0.467 0.0 0.0 0.0 0.0 -1
0.303 0.119 0.0 0.0 0.0 0.0 -1
0.379 0.276 0.0 0.0 0.0 0.0 -1
0.334 0.383 0.0 0.0 0.0 0.0 -1
0.195 0.304 0.0 0.0 0.0 0.0 -1
0.175 0.0 0.0 0.0 0.0 0.0 -1
0.316 0.0 0.0 0.0 0.0 0.0 -1
0.547 0.433 0.0 0.0 0.0 0.0 -1
0.273 0.274 0.0 0.0 0.0 0.0 -1
0.349 0.278 0.0 0.0 0.0 0.0 -1
0.534 0.095 0.0 0.0 0.0 0.0 -1
0.186 0.115 0.0 0.0 0.0 0.0 -1
0.321 0.218 0.0 0.0 0.0 0.0 -1
0.58 0.444 0.0 0.0 0.0 0.0 -1
0.171 0.0 0.0 0.0 0.0 0.0 -1
0.219 0.211 0.0 0.0 0.0 0.0 -1
0.214 0.221 0.0 0.0 0.0 0.0 -1
0.21 0.0 0.0 0.0 0.0 0.0 -1
0.206 0.294 0.0 0.0 0.0 0.0 -1
0.232 0.383 0.0 0.0 0.0 0.0 -1
0.184 0.167 0.0 0.0 0.0 0.0 -1
0.202 0.211 0.0 0.0 0.0 0.0 -1
0.235 0.222 0.0 0.0 0.0 0.0 -1
0.239 0.5 0.0 0.0 0.0 0.0 -1
0.223 0.286 0.0 0.0 0.0 0.0 -1
0.275 0.324 0.0 0.0 0.0 0.0 -1
0.252 0.36 0.0 0.0 0.0 0.0 -1
0.306 0.114 0.0 0.0 0.0 0.0 -1
0.174 0.266 0.0 0.0 0.0 0.0 -1
0.214 0.0 0.0 0.0 0.0 0.0 -1
0.238 0.075 0.0 0.0 0.0 0.0 -1
0.325 0.295 0.0 0.0 0.0 0.0 -1
0.291 0.357 0.0 0.0 0.0 0.0 -1
0.269 0.257 0.0 0.0 0.0 0.0 -1
0.23 0.506 0.0 0.0 0.0 0.0 -1
0.5 0.048 0.0 0.0 0.0 0.0 -1
0.279 0.2 0.0 0.0 0.0 0.0 -1
0.422 0.193 0.0 0.0 0.0 0.0 -1
0.226 0.251 0.0 0.0 0.0 0.0 -1
0.229 0.111 0.0 0.0 0.0 0.0 -1
0.708 0.133 0.0 0.0 0.0 0.0 -1
0.249 0.125 0.0 0.0 0.0 0.0 -1
0.247 0.323 0.0 0.0 0.0 0.0 -1
0.525 0.235 0.0 0.0 0.0 0.0 -1
0.307 0.124 0.0 0.0 0.0 0.0 -1
0.234 0.279 0.0 0.0 0.0 0.0 -1
0.247 0.378 0.0 0.0 0.0 0.0 -1
0.258 0.209 0.0 0.0 0.0 0.0 -1
0.558 0.062 0.0 0.0 0.0 0.0 -1
0.58 0.071 0.0 0.0 0.0 0.0 -1
0.279 0.286 0.0 0.0 0.0 0.0 -1
0.2 0.0 0.0 0.0 0.0 0.0 -1
0.0 0.0 0.0 0.0 0.0 0.0 -1
0.309 0.219 0.0 0.0 0.0 0.0 -1
0.163 0.23 0.0 0.0 0.0 0.0 -1
0.214 0.284 0.0 0.0 0.0 0.0 -1
0.163 0.251 0.0 0.0 0.0 0.0 -1
0.271 0.168 0.0 0.0 0.0 0.0 -1
0.263 0.111 0.0 0.0 0.0 0.0 -1
0.193 0.0 0.0 0.0 0.0 0.0 -1
0.257 0.299 0.0 0.0 0.0 0.0 -1
0.24 0.347 0.0 0.0 0.0 0.0 -1
0.252 0.3 0.0 0.0 0.0 0.0 -1
0.326 0.218 0.0 0.0 0.0 0.0 -1
0.5 0.143 0.0 0.0 0.0 0.0 -1
0.214 0.0 0.0 0.0 0.0 0.0 -1
0.282 0.23 0.0 0.0 0.0 0.0 -1
0.347 0.333 0.0 0.0 0.0 0.0 -1
0.319 0.167 0.0 0.0 0.0 0.0 -1
0.214 0.131 0.0 0.0 0.0 0.0 -1
0.233 0.0 0.0 0.0 0.0 0.0 -1
0.375 0.355 0.0 0.0 0.0 0.0 -1
0.298 0.267 0.0 0.0 0.0 0.0 -1
0.167 0.228 0.0 0.0 0.0 0.0 -1
0.201 0.305 0.0 0.0 0.0 0.0 -1
0.38 0.133 0.0 0.0 0.0 0.0 -1
0.221 0.2 0.0 0.0 0.0 0.0 -1
0.128 0.203 0.0 0.0 0.0 0.0 -1
0.211 0.29 0.0 0.0 0.0 0.0 -1
0.321 0.111 0.0 0.0 0.0 0.0 -1
0.292 0.135 0.0 0.0 0.0 0.0 -1
0.396 0.384 0.0 0.0 0.0 0.0 -1
0.278 0.15 0.0 0.0 0.0 0.0 -1
0.229 0.129 0.0 0.0 0.0 0.0 -1
0.206 0.167 0.0 0.0 0.0 0.0 -1
0.224 0.067 0.0 0.0 0.0 0.0 -1
0.0 0.095 0.0 0.0 0.0 0.0 -1
0.323 0.233 0.0 0.0 0.0 0.0 -1
0.35 0.111 0.0 0.0 0.0 0.0 -1
0.767 0.0 0.0 0.0 0.0 0.0 -1
0.234 0.324 0.0 0.0 0.0 0.0 -1
0.187 0.167 0.0 0.0 0.0 0.0 -1
0.327 0.381 0.0 0.0 0.0 0.0 -1
0.432 0.35 0.0 0.0 0.0 0.0 -1
0.293 0.333 0.0 0.0 0.0 0.0 -1
0.186 0.222 0.0 0.0 0.0 0.0 -1
0.429 0.036 0.0 0.0 0.0 0.0 -1
0.241 0.363 0.0 0.0 0.0 0.0 -1
0.209 0.119 0.0 0.0 0.0 0.0 -1
0.4 0.262 0.0 0.0 0.0 0.0 -1
0.176 0.0 0.0 0.0 0.0 0.0 -1
0.0 0.0 0.0 0.0 0.0 0.0 -1
0.186 0.314 0.0 0.0 0.0 0.0 -1
0.196 0.256 0.0 0.0 0.0 0.0 -1
0.267 0.35 0.0 0.0 0.0 0.0 -1
0.261 0.0 0.0 0.0 0.0 0.0 -1
0.268 0.28 0.0 0.0 0.0 0.0 -1
0.336 0.294 0.0 0.0 0.0 0.0 -1
0.262 0.421 0.0 0.0 0.0 0.0 -1
0.216 0.135 0.0 0.0 0.0 0.0 -1
0.247 0.216 0.0 0.0 0.0 0.0 -1
0.228 0.0 0.0 0.0 0.0 0.0 -1
0.21 0.0 0.0 0.0 0.0 0.0 -1
0.206 0.0 0.0 0.0 0.0 0.0 -1
0.273 0.237 0.0 0.0 0.0 0.0 -1
0.259 0.375 0.0 0.0 0.0 0.0 -1
0.44 0.192 0.0 0.0 0.0 0.0 -1
0.25 0.143 0.0 0.0 0.0 0.0 -1
0.22 0.0 0.0 0.0 0.0 0.0 -1
0.326 0.298 0.0 0.0 0.0 0.0 -1
0.216 0.148 0.0 0.0 0.0 0.0 -1
0.312 0.366 0.0 0.0 0.0 0.0 -1
0.156 0.29 0.0 0.0 0.0 0.0 -1
0.223 0.124 0.0 0.0 0.0 0.0 -1
0.268 0.5 0.0 0.0 0.0 0.0 -1
0.209 0.357 0.0 0.0 0.0 0.0 -1
0.212 0.08 0.0 0.0 0.0 0.0 -1
0.234 0.119 0.0 0.0 0.0 0.0 -1
0.23 0.5 0.0 0.0 0.0 0.0 -1
0.235 0.424 0.0 0.0 0.0 0.0 -1
0.229 0.095 0.0 0.0 0.0 0.0 -1
0.33 0.346 0.0 0.0 0.0 0.0 -1
0.264 0.286 0.0 0.0 0.0 0.0 -1
0.229 0.114 0.0 0.0 0.0 0.0 -1
0.58 0.0 0.0 0.0 0.0 0.0 -1
0.301 0.135 0.0 0.0 0.0 0.0 -1
0.447 0.246 0.0 0.0 0.0 0.0 -1
0.305 0.3 0.0 0.0 0.0 0.0 -1
0.35 0.394 0.0 0.0 0.0 0.0 -1
0.235 0.273 0.0 0.0 0.0 0.0 -1
0.194 0.136 0.0 0.0 0.0 0.0 -1
0.266 0.233 0.0 0.0 0.0 0.0 -1
0.41 0.339 0.0 0.0 0.0 0.0 -1
0.233 0.162 0.0 0.0 0.0 0.0 -1
0.25 0.167 0.0 0.0 0.0 0.0 -1
0.179 0.115 0.0 0.0 0.0 0.0 -1
0.241 0.33 0.0 0.0 0.0 0.0 -1
0.343 0.303 0.0 0.0 0.0 0.0 -1
0.264 0.422 0.0 0.0 0.0 0.0 -1
0.223 0.048 0.0 0.0 0.0 0.0 -1
0.413 0.25 0.0 0.0 0.0 0.0 -1
0.173 0.095 0.0 0.0 0.0 0.0 -1
0.204 0.279 0.0 0.0 0.0 0.0 -1
0.346 0.184 0.0 0.0 0.0 0.0 -1
0.213 0.217 0.0 0.0 0.0 0.0 -1
0.5 0.231 0.0 0.0 0.0 0.0 -1
0.253 0.133 0.0 0.0 0.0 0.0 -1
0.248 0.062 0.0 0.0 0.0 0.0 -1
0.223 0.5 0.0 0.0 0.0 0.0 -1
0.569 0.321 0.0 0.0 0.0 0.0 -1
0.293 0.0 0.0 0.0 0.0 0.0 -1
0.183 0.286 0.0 0.0 0.0 0.0 -1
0.267 0.0 0.0 0.0 0.0 0.0 -1
0.188 0.287 0.0 0.0 0.0 0.0 -1
0.186 0.322 0.0 0.0 0.0 0.0 -1
0.24 0.0 0.0 0.0 0.0 0.0 -1
0.262 0.196 0.0 0.0 0.0 0.0 -1
0.182 0.375 0.0 0.0 0.0 0.0 -1
0.204 0.074 0.0 0.0 0.0 0.0 -1
0.0 0.0 0.0 0.0 0.0 0.0 -1
0.203 0.327 0.0 0.0 0.0 0.0 -1
0.244 0.413 0.0 0.0 0.0 0.0 -1
0.341 0.525 0.0 0.0 0.0 0.0 -1
0.229 0.146 0.0 0.0 0.0 0.0 -1
0.362 0.0 0.0 0.0 0.0 0.0 -1
0.33 0.312 0.0 0.0 0.0 0.0 -1
0.21 0.167 0.0 0.0 0.0 0.0 -1
0.364 0.0 0.0 0.0 0.0 0.0 -1
0.179 0.231 0.0 0.0 0.0 0.0 -1
0.25 0.276 0.0 0.0 0.0 0.0 -1
0.251 0.095 0.0 0.0 0.0 0.0 -1
0.271 0.4 0.0 0.0 0.0 0.0 -1
0.268 0.139 0.0 0.0 0.0 0.0 -1
0.25 0.267 0.0 0.0 0.0 0.0 -1
0.215 0.322 0.0 0.0 0.0 0.0 -1
0.215 0.067 0.0 0.0 0.0 0.0 -1
0.204 0.302 0.0 0.0 0.0 0.0 -1
0.203 0.131 0.0 0.0 0.0 0.0 -1
0.274 0.378 0.0 0.0 0.0 0.0 -1
0.241 0.236 0.0 0.0 0.0 0.0 -1
0.247 0.309 0.0 0.0 0.0 0.0 -1
0.168 0.119 0.0 0.0 0.0 0.0 -1
0.264 0.21 0.0 0.0 0.0 0.0 -1
0.522 0.5 0.0 0.0 0.0 0.0 -1
0.213 0.384 0.0 0.0 0.0 0.0 -1
0.442 0.404 0.0 0.0 0.0 0.0 -1
0.377 0.273 0.0 0.0 0.0 0.0 -1
0.215 0.222 0.0 0.0 0.0 0.0 -1
0.233 0.111 0.0 0.0 0.0 0.0 -1
0.313 0.177 0.0 0.0 0.0 0.0 -1
0.239 0.318 0.0 0.0 0.0 0.0 -1
0.25 0.286 0.0 0.0 0.0 0.0 -1
0.278 0.375 0.0 0.0 0.0 0.0 -1
0.189 0.333 0.0 0.0 0.0 0.0 -1
0.235 0.139 0.0 0.0 0.0 0.0 -1
0.222 0.237 0.0 0.0 0.0 0.0 -1
0.238 0.714 0.0 0.0 0.0 0.0 -1
0.215 0.489 0.0 0.0 0.0 0.0 -1
0.21 0.467 0.0 0.0 0.0 0.0 -1
0.25 0.378 0.0 0.0 0.0 0.0 -1
0.231 0.229 0.0 0.0 0.0 0.0 -1
0.323 0.187 0.0 0.0 0.0 0.0 -1
0.253 0.372 0.0 0.0 0.0 0.0 -1
0.168 0.217 0.0 0.0 0.0 0.0 -1
0.25 0.0 0.0 0.0 0.0 0.0 -1
0.28 0.189 0.0 0.0 0.0 0.0 -1
0.263 0.5 0.0 0.0 0.0 0.0 -1
0.16 0.13 0.0 0.0 0.0 0.0 -1
0.232 0.242 0.0 0.0 0.0 0.0 -1
0.223 0.111 0.0 0.0 0.0 0.0 -1
0.259 0.425 0.0 0.0 0.0 0.0 -1
0.291 0.298 0.0 0.0 0.0 0.0 -1
0.233 0.193 0.0 0.0 0.0 0.0 -1
0.198 0.286 0.0 0.0 0.0 0.0 -1
0.27 0.4 0.0 0.0 0.0 0.0 -1
0.284 0.214 0.0 0.0 0.0 0.0 -1
0.302 0.333 0.0 0.0 0.0 0.0 -1
0.398 0.133 0.0 0.0 0.0 0.0 -1
0.179 0.274 0.0 0.0 0.0 0.0 -1
0.35 0.057 0.0 0.0 0.0 0.0 -1
0.212 0.095 0.0 0.0 0.0 0.0 -1
0.192 0.274 0.0 0.0 0.0 0.0 -1
0.204 0.0 0.0 0.0 0.0 0.0 -1
0.205 0.202 0.0 0.0 0.0 0.0 -1
0.197 0.142 0.0 0.0 0.0 0.0 -1
0.299 0.288 0.0 0.0 0.0 0.0 -1
0.181 0.167 0.0 0.0 0.0 0.0 -1
0.266 0.355 0.0 0.0 0.0 0.0 -1
0.247 0.0 0.0 0.0 0.0 0.0 -1
0.261 0.301 0.0 0.0 0.0 0.0 -1
0.293 0.0 0.0 0.0 0.0 0.0 -1
0.168 0.467 0.0 0.0 0.0 0.0 -1
0.212 0.274 0.0 0.0 0.0 0.0 -1
0.244 0.364 0.0 0.0 0.0 0.0 -1
0.343 0.162 0.0 0.0 0.0 0.0 -1
0.253 0.333 0.0 0.0 0.0 0.0 -1
0.389 0.233 0.0 0.0 0.0 0.0 -1
0.256 0.366 0.0 0.0 0.0 0.0 -1
0.283 0.244 0.0 0.0 0.0 0.0 -1
0.25 0.178 0.0 0.0 0.0 0.0 -1
0.243 0.2 0.0 0.0 0.0 0.0 -1
0.452 0.336 0.0 0.0 0.0 0.0 -1
0.259 0.35 0.0 0.0 0.0 0.0 -1
0.232 0.064 0.0 0.0 0.0 0.0 -1
0.25 0.061 0.0 0.0 0.0 0.0 -1
0.182 0.322 0.0 0.0 0.0 0.0 -1
0.216 0.2 0.0 0.0 0.0 0.0 -1
0.267 0.208 0.0 0.0 0.0 0.0 -1
0.226 0.167 0.0 0.0 0.0 0.0 -1
0.505 0.333 0.0 0.0 0.0 0.0 -1
0.17 0.129 0.0 0.0 0.0 0.0 -1
0.35 0.125 0.0 0.0 0.0 0.0 -1
0.273 0.306 0.0 0.0 0.0 0.0 -1
0.211 0.444 0.0 0.0 0.0 0.0 -1
0.134 0.0 0.0 0.0 0.0 0.0 -1
0.126 0.159 0.0 0.0 0.0 0.0 -1
0.274 0.083 0.0 0.0 0.0 0.0 -1
0.187 0.295 0.0 0.0 0.0 0.0 -1
0.299 0.0 0.0 0.0 0.0 0.0 -1
0.167 0.222 0.0 0.0 0.0 0.0 -1
0.364 0.344 0.0 0.0 0.0 0.0 -1
0.298 0.125 0.0 0.0 0.0 0.0 -1
0.222 0.181 0.0 0.0 0.0 0.0 -1
0.234 0.341 0.0 0.0 0.0 0.0 -1
0.199 0.125 0.0 0.0 0.0 0.0 -1
0.29 0.111 0.0 0.0 0.0 0.0 -1
0.285 0.39 0.0 0.0 0.0 0.0 -1
0.247 0.223 0.0 0.0 0.0 0.0 -1
0.233 0.115 0.0 0.0 0.0 0.0 -1
0.229 0.111 0.0 0.0 0.0 0.0 -1
0.222 0.0 0.0 0.0 0.0 0.0 -1
0.362 0.242 0.0 0.0 0.0 0.0 -1
0.202 0.274 0.0 0.0 0.0 0.0 -1
0.167 0.389 0.0 0.0 0.0 0.0 -1
0.412 0.0 0.0 0.0 0.0 0.0 -1
0.28 0.151 0.0 0.0 0.0 0.0 -1
0.533 0.209 0.0 0.0 0.0 0.0 -1
0.274 0.18 0.0 0.0 0.0 0.0 -1
0.354 0.142 0.0 0.0 0.0 0.0 -1
0.0 0.0 0.0 0.0 0.0 0.0 -1
0.334 0.305 0.0 0.0 0.0 0.0 -1
0.224 0.297 0.0 0.0 0.0 0.0 -1
0.299 0.262 0.0 0.0 0.0 0.0 -1
0.207 0.302 0.0 0.0 0.0 0.0 -1
0.274 0.191 0.0 0.0 0.0 0.0 -1
0.25 0.37 0.0 0.0 0.0 0.0 -1
0.136 0.167 0.0 0.0 0.0 0.0 -1
0.244 0.377 0.0 0.0 0.0 0.0 -1
0.223 0.129 0.0 0.0 0.0 0.0 -1
0.25 0.333 0.0 0.0 0.0 0.0 -1
0.216 0.267 0.0 0.0 0.0 0.0 -1
0.381 0.0 0.0 0.0 0.0 0.0 -1
0.268 0.192 0.0 0.0 0.0 0.0 -1
0.198 0.383 0.0 0.0 0.0 0.0 -1
0.288 0.0 0.0 0.0 0.0 0.0 -1
0.276 0.317 0.0 0.0 0.0 0.0 -1
0.397 0.4 0.0 0.0 0.0 0.0 -1
0.243 0.247 0.0 0.0 0.0 0.0 -1
0.349 0.335 0.0 0.0 0.0 0.0 -1
0.136 0.229 0.0 0.0 0.0 0.0 -1
0.299 0.107 0.0 0.0 0.0 0.0 -1
0.24 0.105 0.0 0.0 0.0 0.0 -1
0.203 0.164 0.0 0.0 0.0 0.0 -1
0.228 0.147 0.0 0.0 0.0 0.0 -1
0.156 0.057 0.0 0.0 0.0 0.0 -1
0.261 0.161 0.0 0.0 0.0 0.0 -1
0.229 0.154 0.0 0.0 0.0 0.0 -1
0.194 0.111 0.0 0.0 0.0 0.0 -1
0.447 0.178 0.0 0.0 0.0 0.0 -1
0.223 0.303 0.0 0.0 0.0 0.0 -1
0.219 0.195 0.0 0.0 0.0 0.0 -1
0.229 0.061 0.0 0.0 0.0 0.0 -1
0.204 0.149 0.0 0.0 0.0 0.0 -1
0.0 0.0 0.0 0.0 0.0 0.0 -1
0.25 0.304 0.0 0.0 0.0 0.0 -1
0.195 0.357 0.0 0.0 0.0 0.0 -1
0.222 0.3 0.0 0.0 0.0 0.0 -1
0.193 0.229 0.0 0.0 0.0 0.0 -1
0.194 0.278 0.0 0.0 0.0 0.0 -1
0.48 0.167 0.0 0.0 0.0 0.0 -1
0.265 0.111 0.0 0.0 0.0 0.0 -1
0.416 0.228 0.0 0.0 0.0 0.0 -1
0.267 0.273 0.0 0.0 0.0 0.0 -1
0.235 0.216 0.0 0.0 0.0 0.0 -1
0.189 0.05 0.0 0.0 0.0 0.0 -1
0.301 0.254 0.0 0.0 0.0 0.0 -1
0.137 0.263 0.0 0.0 0.0 0.0 -1
0.229 0.071 0.0 0.0 0.0 0.0 -1
0.203 0.158 0.0 0.0 0.0 0.0 -1
0.277 0.342 0.0 0.0 0.0 0.0 -1
0.364 0.0 0.0 0.0 0.0 0.0 -1
0.184 0.16 0.0 0.0 0.0 0.0 -1
0.299 0.5 0.0 0.0 0.0 0.0 -1
0.199 0.109 0.0 0.0 0.0 0.0 -1
0.203 0.171 0.0 0.0 0.0 0.0 -1
0.25 0.187 0.0 0.0 0.0 0.0 -1
0.354 0.36 0.0 0.0 0.0 0.0 -1
0.25 0.355 0.0 0.0 0.0 0.0 -1
0.288 0.246 0.0 0.0 0.0 0.0 -1
0.292 0.248 0.0 0.0 0.0 0.0 -1
0.287 0.156 0.0 0.0 0.0 0.0 -1
0.346 0.314 0.0 0.0 0.0 0.0 -1
0.22 0.163 0.0 0.0 0.0 0.0 -1
0.395 0.267 0.0 0.0 0.0 0.0 -1
0.221 0.305 0.0 0.0 0.0 0.0 -1
0.232 0.095 0.0 0.0 0.0 0.0 -1
0.214 0.417 0.0 0.0 0.0 0.0 -1
0.216 0.339 0.0 0.0 0.0 0.0 -1
0.272 0.297 0.0 0.0 0.0 0.0 -1
0.589 0.0 0.0 0.0 0.0 0.0 -1
0.608 0.355 0.0 0.0 0.0 0.0 -1
0.45 0.0 0.0 0.0 0.0 0.0 -1
0.286 0.276 0.0 0.0 0.0 0.0 -1
0.24 0.181 0.0 0.0 0.0 0.0 -1
0.0 0.0 0.0 0.0 0.0 0.0 -1
0.145 0.206 0.0 0.0 0.0 0.0 -1
0.328 0.25 0.0 0.0 0.0 0.0 -1
0.249 0.278 0.0 0.0 0.0 0.0 -1
0.317 0.338 0.0 0.0 0.0 0.0 -1
0.537 0.083 0.0 0.0 0.0 0.0 -1
0.2 0.314 0.0 0.0 0.0 0.0 -1
0.2 0.0 0.0 0.0 0.0 0.0 -1
0.179 0.057 0.0 0.0 0.0 0.0 -1
0.152 0.396 0.0 0.0 0.0 0.0 -1
0.203 0.319 0.0 0.0 0.0 0.0 -1
0.362 0.459 0.0 0.0 0.0 0.0 -1
0.236 0.167 0.0 0.0 0.0 0.0 -1
0.304 0.3 0.0 0.0 0.0 0.0 -1
0.17 0.095 0.0 0.0 0.0 0.0 -1
0.58 0.0 0.0 0.0 0.0 0.0 -1
0.249 0.32 0.0 0.0 0.0 0.0 -1
0.247 0.199 0.0 0.0 0.0 0.0 -1
0.194 0.125 0.0 0.0 0.0 0.0 -1
0.212 0.128 0.0 0.0 0.0 0.0 -1
0.197 0.242 0.0 0.0 0.0 0.0 -1
0.205 0.2 0.0 0.0 0.0 0.0 -1
0.232 0.042 0.0 0.0 0.0 0.0 -1
0.189 0.0 0.0 0.0 0.0 0.0 -1
0.233 0.218 0.0 0.0 0.0 0.0 -1
0.29 0.224 0.0 0.0 0.0 0.0 -1
0.208 0.251 0.0 0.0 0.0 0.0 -1
0.285 0.267 0.0 0.0 0.0 0.0 -1
0.167 0.0 0.0 0.0 0.0 0.0 -1
0.286 0.218 0.0 0.0 0.0 0.0 -1
0.19 0.084 0.0 0.0 0.0 0.0 -1
0.546 0.251 0.0 0.0 0.0 0.0 -1
0.25 0.062 0.0 0.0 0.0 0.0 -1
0.241 0.333 0.0 0.0 0.0 0.0 -1
0.215 0.322 0.0 0.0 0.0 0.0 -1
0.281 0.337 0.0 0.0 0.0 0.0 -1
0.167 0.292 0.0 0.0 0.0 0.0 -1
0.149 0.227 0.0 0.0 0.0 0.0 -1
0.268 0.0 0.0 0.0 0.0 0.0 -1
0.244 0.057 0.0 0.0 0.0 0.0 -1
0.233 0.236 0.0 0.0 0.0 0.0 -1
0.252 0.214 0.0 0.0 0.0 0.0 -1
0.264 0.3 0.0 0.0 0.0 0.0 -1
0.345 0.242 0.0 0.0 0.0 0.0 -1
0.236 0.222 0.0 0.0 0.0 0.0 -1
0.128 0.232 0.0 0.0 0.0 0.0 -1
0.192 0.547 0.0 0.0 0.0 0.0 -1
0.268 0.373 0.0 0.0 0.0 0.0 -1
0.271 0.293 0.0 0.0 0.0 0.0 -1
0.298 0.279 0.0 0.0 0.0 0.0 -1
0.156 0.378 0.0 0.0 0.0 0.0 -1
0.36 0.191 0.0 0.0 0.0 0.0 -1
0.429 0.218 0.0 0.0 0.0 0.0 -1
0.245 0.234 0.0 0.0 0.0 0.0 -1
0.223 0.329 0.0 0.0 0.0 0.0 -1
0.444 0.304 0.0 0.0 0.0 0.0 -1
0.467 0.4 0.0 0.0 0.0 0.0 -1
0.505 0.329 0.0 0.0 0.0 0.0 -1
0.277 0.369 0.0 0.0 0.0 0.0 -1
0.215 0.0 0.0 0.0 0.0 0.0 -1
0.25 0.083 0.0 0.0 0.0 0.0 -1
0.225 0.0 0.0 0.0 0.0 0.0 -1
0.212 0.186 0.0 0.0 0.0 0.0 -1
0.262 0.308 0.0 0.0 0.0 0.0 -1
0.304 0.26 0.0 0.0 0.0 0.0 -1
0.208 0.333 0.0 0.0 0.0 0.0 -1
0.269 0.292 0.0 0.0 0.0 0.0 -1
0.235 0.143 0.0 0.0 0.0 0.0 -1
0.249 0.267 0.0 0.0 0.0 0.0 -1
0.264 0.078 0.0 0.0 0.0 0.0 -1
0.21 0.4 0.0 0.0 0.0 0.0 -1
0.199 0.25 0.0 0.0 0.0 0.0 -1
0.299 0.0 0.0 0.0 0.0 0.0 -1
0.235 0.186 0.0 0.0 0.0 0.0 -1
0.209 0.201 0.0 0.0 0.0 0.0 -1
0.25 0.06 0.0 0.0 0.0 0.0 -1
0.281 0.3 0.0 0.0 0.0 0.0 -1
0.178 0.281 0.0 0.0 0.0 0.0 -1
0.426 0.253 0.0 0.0 0.0 0.0 -1
0.286 0.277 0.0 0.0 0.0 0.0 -1
0.25 0.308 0.0 0.0 0.0 0.0 -1
0.25 0.242 0.0 0.0 0.0 0.0 -1
0.15 0.333 0.0 0.0 0.0 0.0 -1
0.255 0.311 0.0 0.0 0.0 0.0 -1
0.317 0.211 0.0 0.0 0.0 0.0 -1
0.233 0.08 0.0 0.0 0.0 0.0 -1
0.182 0.243 0.0 0.0 0.0 0.0 -1
0.224 0.178 0.0 0.0 0.0 0.0 -1
0.332 0.101 0.0 0.0 0.0 0.0 -1
0.475 0.136 0.0 0.0 0.0 0.0 -1
0.284 0.142 0.0 0.0 0.0 0.0 -1
0.324 0.3 0.0 0.0 0.0 0.0 -1
0.246 0.0 0.0 0.0 0.0 0.0 -1
0.245 0.235 0.0 0.0 0.0 0.0 -1
0.191 0.222 0.0 0.0 0.0 0.0 -1
0.305 0.153 0.0 0.0 0.0 0.0 -1
0.222 0.159 0.0 0.0 0.0 0.0 -1
0.191 0.107 0.0 0.0 0.0 0.0 -1
0.29 0.308 0.0 0.0 0.0 0.0 -1
0.388 0.27 0.0 0.0 0.0 0.0 -1
0.318 0.0 0.0 0.0 0.0 0.0 -1
0.428 0.0 0.0 0.0 0.0 0.0 -1
0.399 0.279 0.0 0.0 0.0 0.0 -1
0.361 0.4 0.0 0.0 0.0 0.0 -1
0.21 0.3 0.0 0.0 0.0 0.0 -1
0.353 0.0 0.0 0.0 0.0 0.0 -1
0.191 0.333 0.0 0.0 0.0 0.0 -1
0.235 0.08 0.0 0.0 0.0 0.0 -1
0.262 0.0 0.0 0.0 0.0 0.0 -1
0.238 0.22 0.0 0.0 0.0 0.0 -1
0.295 0.167 0.0 0.0 0.0 0.0 -1
0.268 0.167 0.0 0.0 0.0 0.0 -1
0.162 0.0 0.0 0.0 0.0 0.0 -1
0.207 0.222 0.0 0.0 0.0 0.0 -1
0.243 0.0 0.0 0.0 0.0 0.0 -1
0.296 0.167 0.0 0.0 0.0 0.0 -1
0.175 0.26 0.0 0.0 0.0 0.0 -1
0.204 0.167 0.0 0.0 0.0 0.0 -1
0.316 0.5 0.0 0.0 0.0 0.0 -1
0.0 0.0 0.0 0.0 0.0 0.0 -1
0.205 0.314 0.0 0.0 0.0 0.0 -1
0.35 0.405 0.0 0.0 0.0 0.0 -1
0.0 0.0 0.0 0.0 0.0 0.0 -1
0.188 0.231 0.0 0.0 0.0 0.0 -1
0.057 0.346 0.0 0.0 0.0 0.0 -1
0.525 0.333 0.0 0.0 0.0 0.0 -1
0.346 0.084 0.0 0.0 0.0 0.0 -1
0.191 0.29 0.0 0.0 0.0 0.0 -1
0.268 0.383 0.0 0.0 0.0 0.0 -1
0.0 0.286 0.0 0.0 0.0 0.0 -1
0.401 0.333 0.0 0.0 0.0 0.0 -1
0.6 0.0 0.0 0.0 0.0 0.0 -1
0.459 0.355 0.0 0.0 0.0 0.0 -1
0.431 0.284 0.0 0.0 0.0 0.0 -1
0.278 0.375 0.0 0.0 0.0 0.0 -1
0.166 0.257 0.0 0.0 0.0 0.0 -1
0.212 0.316 0.0 0.0 0.0 0.0 -1
0.179 0.163 0.0 0.0 0.0 0.0 -1
0.25 0.111 0.0 0.0 0.0 0.0 -1
0.191 0.275 0.0 0.0 0.0 0.0 -1
0.249 0.5 0.0 0.0 0.0 0.0 -1
0.229 0.214 0.0 0.0 0.0 0.0 -1
0.254 0.267 0.0 0.0 0.0 0.0 -1
0.227 0.36 0.0 0.0 0.0 0.0 -1
0.461 0.133 0.0 0.0 0.0 0.0 -1
0.238 0.227 0.0 0.0 0.0 0.0 -1
0.46 0.148 0.0 0.0 0.0 0.0 -1
0.199 0.223 0.0 0.0 0.0 0.0 -1
0.236 0.25 0.0 0.0 0.0 0.0 -1
0.283 0.312 0.0 0.0 0.0 0.0 -1
0.301 0.095 0.0 0.0 0.0 0.0 -1
0.262 0.048 0.0 0.0 0.0 0.0 -1
0.266 0.475 0.0 0.0 0.0 0.0 -1
0.204 0.393 0.0 0.0 0.0 0.0 -1
0.179 0.048 0.0 0.0 0.0 0.0 -1
0.327 0.395 0.0 0.0 0.0 0.0 -1
0.269 0.299 0.0 0.0 0.0 0.0 -1
0.348 0.467 0.0 0.0 0.0 0.0 -1
0.207 0.119 0.0 0.0 0.0 0.0 -1
0.199 0.195 0.0 0.0 0.0 0.0 -1
0.209 0.191 0.0 0.0 0.0 0.0 -1
0.38 0.4 0.0 0.0 0.0 0.0 -1
0.203 0.35 0.0 0.0 0.0 0.0 -1
0.278 0.295 0.0 0.0 0.0 0.0 -1
0.553 0.062 0.0 0.0 0.0 0.0 -1
0.281 0.2 0.0 0.0 0.0 0.0 -1
0.184 0.5 0.0 0.0 0.0 0.0 -1
0.296 0.0 0.0 0.0 0.0 0.0 -1
0.228 0.167 0.0 0.0 0.0 0.0 -1
0.198 0.216 0.0 0.0 0.0 0.0 -1
0.487 0.277 0.0 0.0 0.0 0.0 -1
0.198 0.0 0.0 0.0 0.0 0.0 -1
0.272 0.179 0.0 0.0 0.0 0.0 -1
0.21 0.143 0.0 0.0 0.0 0.0 -1
0.272 0.303 0.0 0.0 0.0 0.0 -1
0.25 0.057 0.0 0.0 0.0 0.0 -1
0.233 0.125 0.0 0.0 0.0 0.0 -1
0.25 0.083 0.0 0.0 0.0 0.0 -1
0.193 0.0 0.0 0.0 0.0 0.0 -1
0.242 0.0 0.0 0.0 0.0 0.0 -1
0.32 0.095 0.0 0.0 0.0 0.0 -1
0.193 0.333 0.0 0.0 0.0 0.0 -1
0.0 0.0 0.0 0.0 0.0 0.0 -1
0.279 0.4 0.0 0.0 0.0 0.0 -1
0.196 0.187 0.0 0.0 0.0 0.0 -1
0.248 0.163 0.0 0.0 0.0 0.0 -1
0.188 0.0 0.0 0.0 0.0 0.0 -1
0.153 0.313 0.0 0.0 0.0 0.0 -1
0.217 0.0 0.0 0.0 0.0 0.0 -1
0.218 0.217 0.0 0.0 0.0 0.0 -1
0.208 0.22 0.0 0.0 0.0 0.0 -1
0.205 0.13 0.0 0.0 0.0 0.0 -1
0.243 0.171 0.0 0.0 0.0 0.0 -1
0.275 0.107 0.0 0.0 0.0 0.0 -1
0.325 0.286 0.0 0.0 0.0 0.0 -1
0.153 0.333 0.0 0.0 0.0 0.0 -1
0.171 0.253 0.0 0.0 0.0 0.0 -1
0.221 0.2 0.0 0.0 0.0 0.0 -1
0.244 0.525 0.0 0.0 0.0 0.0 -1
0.233 0.118 0.0 0.0 0.0 0.0 -1
0.25 0.109 0.0 0.0 0.0 0.0 -1
0.256 0.323 0.0 0.0 0.0 0.0 -1
0.285 0.475 0.0 0.0 0.0 0.0 -1
0.174 0.311 0.0 0.0 0.0 0.0 -1
0.247 0.252 0.0 0.0 0.0 0.0 -1
0.277 0.259 0.0 0.0 0.0 0.0 -1
0.348 0.228 0.0 0.0 0.0 0.0 -1
0.237 0.5 0.0 0.0 0.0 0.0 -1
0.447 0.278 0.0 0.0 0.0 0.0 -1
0.171 0.34 0.0 0.0 0.0 0.0 -1
0.253 0.346 0.0 0.0 0.0 0.0 -1
0.54 0.0 0.0 0.0 0.0 0.0 -1
0.22 0.131 0.0 0.0 0.0 0.0 -1
0.414 0.0 0.0 0.0 0.0 0.0 -1
0.255 0.215 0.0 0.0 0.0 0.0 -1
0.305 0.167 0.0 0.0 0.0 0.0 -1
0.0 0.0 0.0 0.0 0.0 0.0 -1
0.199 0.467 0.0 0.0 0.0 0.0 -1
0.312 0.162 0.0 0.0 0.0 0.0 -1
0.231 0.284 0.0 0.0 0.0 0.0 -1
0.175 0.0 0.0 0.0 0.0 0.0 -1
0.223 0.319 0.0 0.0 0.0 0.0 -1
0.199 0.192 0.0 0.0 0.0 0.0 -1
0.8 0.091 0.0 0.0 0.0 0.0 -1
0.293 0.111 0.0 0.0 0.0 0.0 -1
0.298 0.0 0.0 0.0 0.0 0.0 -1
0.197 0.5 0.0 0.0 0.0 0.0 -1
0.487 0.337 0.0 0.0 0.0 0.0 -1
0.463 0.167 0.0 0.0 0.0 0.0 -1
0.292 0.312 0.0 0.0 0.0 0.0 -1
0.448 0.5 0.0 0.0 0.0 0.0 -1
0.281 0.23 0.0 0.0 0.0 0.0 -1
0.282 0.346 0.0 0.0 0.0 0.0 -1
0.237 0.215 0.0 0.0 0.0 0.0 -1
0.259 0.233 0.0 0.0 0.0 0.0 -1
0.214 0.036 0.0 0.0 0.0 0.0 -1
0.383 0.296 0.0 0.0 0.0 0.0 -1
0.224 0.301 0.0 0.0 0.0 0.0 -1
0.35 0.286 0.0 0.0 0.0 0.0 -1
0.23 0.111 0.0 0.0 0.0 0.0 -1
0.633 0.319 0.0 0.0 0.0 0.0 -1
0.209 0.203 0.0 0.0 0.0 0.0 -1
0.25 0.167 0.0 0.0 0.0 0.0 -1
0.236 0.167 0.0 0.0 0.0 0.0 -1
0.136 0.222 0.0 0.0 0.0 0.0 -1
0.266 0.369 0.0 0.0 0.0 0.0 -1
0.344 0.403 0.0 0.0 0.0 0.0 -1
0.338 0.725 0.0 0.0 0.0 0.0 -1
0.207 0.292 0.0 0.0 0.0 0.0 -1
0.153 0.258 0.0 0.0 0.0 0.0 -1
0.49 0.1 0.0 0.0 0.0 0.0 -1
0.248 0.267 0.0 0.0 0.0 0.0 -1
0.302 0.189 0.0 0.0 0.0 0.0 -1
0.248 0.255 0.0 0.0 0.0 0.0 -1
0.201 0.294 0.0 0.0 0.0 0.0 -1
0.25 0.095 0.0 0.0 0.0 0.0 -1
0.25 0.0 0.0 0.0 0.0 0.0 -1
0.167 0.0 0.0 0.0 0.0 0.0 -1
0.25 0.286 0.0 0.0 0.0 0.0 -1
0.497 0.321 0.0 0.0 0.0 0.0 -1
0.185 0.194 0.0 0.0 0.0 0.0 -1
0.212 0.167 0.0 0.0 0.0 0.0 -1
0.216 0.232 0.0 0.0 0.0 0.0 -1
0.357 0.283 0.0 0.0 0.0 0.0 -1
0.168 0.185 0.0 0.0 0.0 0.0 -1
0.339 0.25 0.0 0.0 0.0 0.0 -1
0.346 0.261 0.0 0.0 0.0 0.0 -1
0.203 0.114 0.0 0.0 0.0 0.0 -1
0.229 0.08 0.0 0.0 0.0 0.0 -1
0.28 0.245 0.0 0.0 0.0 0.0 -1
0.177 0.392 0.0 0.0 0.0 0.0 -1
0.238 0.302 0.0 0.0 0.0 0.0 -1
0.337 0.191 0.0 0.0 0.0 0.0 -1
0.205 0.264 0.0 0.0 0.0 0.0 -1
0.708 0.0 0.0 0.0 0.0 0.0 -1
0.272 0.4 0.0 0.0 0.0 0.0 -1
0.317 0.0 0.0 0.0 0.0 0.0 -1
0.324 0.265 0.0 0.0 0.0 0.0 -1
0.272 0.208 0.0 0.0 0.0 0.0 -1
0.198 0.143 0.0 0.0 0.0 0.0 -1
0.237 0.0 0.0 0.0 0.0 0.0 -1
0.365 0.417 0.0 0.0 0.0 0.0 -1
0.217 0.217 0.0 0.0 0.0 0.0 -1
0.167 0.0 0.0 0.0 0.0 0.0 -1
0.228 0.228 0.0 0.0 0.0 0.0 -1
0.312 0.167 0.0 0.0 0.0 0.0 -1
0.271 0.223 0.0 0.0 0.0 0.0 -1
0.317 0.35 0.0 0.0 0.0 0.0 -1
0.209 0.095 0.0 0.0 0.0 0.0 -1
0.283 0.288 0.0 0.0 0.0 0.0 -1
0.812 0.0 0.0 0.0 0.0 0.0 -1
0.414 0.222 0.0 0.0 0.0 0.0 -1
0.196 0.108 0.0 0.0 0.0 0.0 -1
0.355 0.348 0.0 0.0 0.0 0.0 -1
0.238 0.111 0.0 0.0 0.0 0.0 -1
0.168 0.267 0.0 0.0 0.0 0.0 -1
0.192 0.134 0.0 0.0 0.0 0.0 -1
0.361 0.333 0.0 0.0 0.0 0.0 -1
0.301 0.349 0.0 0.0 0.0 0.0 -1
0.187 0.378 0.0 0.0 0.0 0.0 -1
0.22 0.385 0.0 0.0 0.0 0.0 -1
0.223 0.105 0.0 0.0 0.0 0.0 -1
0.268 0.4 0.0 0.0 0.0 0.0 -1
0.136 0.159 0.0 0.0 0.0 0.0 -1
0.385 0.35 0.0 0.0 0.0 0.0 -1
0.463 0.333 0.0 0.0 0.0 0.0 -1
0.214 0.217 0.0 0.0 0.0 0.0 -1
0.209 0.322 0.0 0.0 0.0 0.0 -1
0.29 0.0 0.0 0.0 0.0 0.0 -1
0.257 0.317 0.0 0.0 0.0 0.0 -1
0.212 0.238 0.0 0.0 0.0 0.0 -1
0.289 0.381 0.0 0.0 0.0 0.0 -1
0.158 0.337 0.0 0.0 0.0 0.0 -1
0.366 0.236 0.0 0.0 0.0 0.0 -1
0.503 0.317 0.0 0.0 0.0 0.0 -1
0.242 0.115 0.0 0.0 0.0 0.0 -1
0.213 0.211 0.0 0.0 0.0 0.0 -1
0.202 0.0 0.0 0.0 0.0 0.0 -1
0.241 0.329 0.0 0.0 0.0 0.0 -1
0.292 0.211 0.0 0.0 0.0 0.0 -1
0.27 0.041 0.0 0.0 0.0 0.0 -1
0.61 0.4 0.0 0.0 0.0 0.0 -1
0.189 0.0 0.0 0.0 0.0 0.0 -1
0.223 0.218 0.0 0.0 0.0 0.0 -1
0.188 0.0 0.0 0.0 0.0 0.0 -1
0.162 0.333 0.0 0.0 0.0 0.0 -1
0.264 0.302 0.0 0.0 0.0 0.0 -1
0.213 0.333 0.0 0.0 0.0 0.0 -1
0.196 0.0 0.0 0.0 0.0 0.0 -1
0.272 0.111 0.0 0.0 0.0 0.0 -1
0.388 0.222 0.0 0.0 0.0 0.0 -1
0.683 0.0 0.0 0.0 0.0 0.0 -1
0.233 0.17 0.0 0.0 0.0 0.0 -1
0.306 0.263 0.0 0.0 0.0 0.0 -1
0.212 0.106 0.0 0.0 0.0 0.0 -1
0.487 0.111 0.0 0.0 0.0 0.0 -1
0.153 0.292 0.0 0.0 0.0 0.0 -1
0.242 0.153 0.0 0.0 0.0 0.0 -1
0.189 0.269 0.0 0.0 0.0 0.0 -1
0.274 0.084 0.0 0.0 0.0 0.0 -1
0.25 0.115 0.0 0.0 0.0 0.0 -1
0.223 0.4 0.0 0.0 0.0 0.0 -1
0.232 0.132 0.0 0.0 0.0 0.0 -1
0.323 0.189 0.0 0.0 0.0 0.0 -1
0.182 0.238 0.0 0.0 0.0 0.0 -1
0.179 0.5 0.0 0.0 0.0 0.0 -1
0.396 0.0 0.0 0.0 0.0 0.0 -1
0.273 0.164 0.0 0.0 0.0 0.0 -1
0.389 0.255 0.0 0.0 0.0 0.0 -1
0.204 0.2 0.0 0.0 0.0 0.0 -1
0.214 0.0 0.0 0.0 0.0 0.0 -1
0.429 0.0 0.0 0.0 0.0 0.0 -1
0.373 0.316 0.0 0.0 0.0 0.0 -1
0.237 0.417 0.0 0.0 0.0 0.0 -1
0.552 0.0 0.0 0.0 0.0 0.0 -1
0.262 0.071 0.0 0.0 0.0 0.0 -1
0.223 0.314 0.0 0.0 0.0 0.0 -1
0.149 0.305 0.0 0.0 0.0 0.0 -1
0.229 0.084 0.0 0.0 0.0 0.0 -1
0.0 0.0 0.0 0.0 0.0 0.0 -1
0.293 0.379 0.0 0.0 0.0 0.0 -1
0.614 0.158 0.0 0.0 0.0 0.0 -1
0.245 0.18 0.0 0.0 0.0 0.0 -1
0.214 0.0 0.0 0.0 0.0 0.0 -1
0.25 0.262 0.0 0.0 0.0 0.0 -1
0.35 0.057 0.0 0.0 0.0 0.0 -1
0.266 0.342 0.0 0.0 0.0 0.0 -1
0.646 0.222 0.0 0.0 0.0 0.0 -1
0.353 0.095 0.0 0.0 0.0 0.0 -1
0.178 0.245 0.0 0.0 0.0 0.0 -1
0.412 0.0 0.0 0.0 0.0 0.0 -1
0.368 0.159 0.0 0.0 0.0 0.0 -1
0.224 0.463 0.0 0.0 0.0 0.0 -1
0.274 0.136 0.0 0.0 0.0 0.0 -1
0.264 0.145 0.0 0.0 0.0 0.0 -1
0.225 0.307 0.0 0.0 0.0 0.0 -1
0.261 0.0 0.0 0.0 0.0 0.0 -1
0.25 0.2 0.0 0.0 0.0 0.0 -1
0.215 0.322 0.0 0.0 0.0 0.0 -1
0.0 0.378 0.0 0.0 0.0 0.0 -1
0.199 0.281 0.0 0.0 0.0 0.0 -1
0.213 0.292 0.0 0.0 0.0 0.0 -1
0.228 0.161 0.0 0.0 0.0 0.0 -1
0.226 0.0 0.0 0.0 0.0 0.0 -1
0.275 0.3 0.0 0.0 0.0 0.0 -1
0.209 0.22 0.0 0.0 0.0 0.0 -1
0.238 0.224 0.0 0.0 0.0 0.0 -1
0.47 0.444 0.0 0.0 0.0 0.0 -1
0.229 0.068 0.0 0.0 0.0 0.0 -1
0.4 0.333 0.0 0.0 0.0 0.0 -1
0.24 0.0 0.0 0.0 0.0 0.0 -1
0.346 0.342 0.0 0.0 0.0 0.0 -1
0.26 0.111 0.0 0.0 0.0 0.0 -1
0.184 0.0 0.0 0.0 0.0 0.0 -1
0.196 0.209 0.0 0.0 0.0 0.0 -1
0.208 0.111 0.0 0.0 0.0 0.0 -1
0.289 0.0 0.0 0.0 0.0 0.0 -1
0.787 0.226 0.0 0.0 0.0 0.0 -1
0.265 0.182 0.0 0.0 0.0 0.0 -1
